generation,leftchild,rightchild,abstime,lambdainit,lambdashift,muinit,mushift
0,species1,species3,0,0.032,0,0.005,0
1000,species1,species3,0,0.0136861,0.000118333,0.00392898,0
2000,species1,species3,0,0.0132064,-0.000269398,0.000443571,0
3000,species1,species3,0,0.0389891,-0.00120536,0.0234961,0
4000,species1,species3,0,0.0100779,0.00265089,0.00478197,0
5000,species1,species3,0,0.0152356,-0.00070212,0.00421262,0
6000,species1,species3,0,0.0169607,-0.000683242,0.007007,0
7000,species1,species3,0,0.0325075,-0.00283596,0.0125603,0
8000,species1,species3,0,0.0371134,-0.0042718,0.00576965,0
8000,species6,species51,228.991,0.0251701,0.00597511,0.0220433,0
8000,species3,NA,193.561,0.0385742,-0.00257622,0.0926347,0
9000,species1,species3,0,0.0452844,-0.0042718,0.0112105,0
9000,species3,NA,123.202,0.013783,0.00233143,0.0445235,0
10000,species1,species3,0,0.0419006,-0.0042718,0.00766963,0
10000,species3,NA,221.547,0.00318257,-0.000976881,0.0378455,0
11000,species1,species3,0,0.00922854,0.00216792,0.00424921,0
12000,species1,species3,0,0.00750943,0.00334043,0.000551914,0
13000,species1,species3,0,0.0114147,0.00232726,0.00924128,0
14000,species1,species3,0,0.0599572,-0.0042718,0.0160253,0
15000,species1,species3,0,0.0384438,-0.00228063,0.0155602,0
15000,species3,NA,246.947,0.0290763,0.00139906,0.0669071,0
16000,species1,species3,0,0.00945705,0.00108931,0.00316229,0
17000,species1,species3,0,0.027789,-0.002649,0.00643126,0
17000,species3,NA,245.911,0.00781578,0.00402672,0.0634958,0
18000,species1,species3,0,0.0303246,-0.002649,0.0110954,0
19000,species1,species3,0,0.0262756,-0.00213068,0.0091868,0
20000,species1,species3,0,0.00804418,0.00667342,0.00795621,0
21000,species1,species3,0,0.00743573,0.00710803,0.00470454,0
21000,species3,NA,171.118,0.00535177,-0.00281042,0.0551697,0
22000,species1,species3,0,0.0114596,0.00264652,0.00783985,0
23000,species1,species3,0,0.0144732,-0.000186363,0.00177803,0
24000,species1,species3,0,0.00822993,0.00146267,0.00415919,0
25000,species1,species3,0,0.0189684,-0.00107258,0.00565005,0
26000,species1,species3,0,0.0255792,-0.00194889,0.0108053,0
27000,species1,species3,0,0.0522871,-0.00322095,0.0184113,0
28000,species1,species3,0,0.023668,-0.00234838,0.00552473,0
29000,species1,species3,0,0.0132094,-0.000368612,0.00267353,0
30000,species1,species3,0,0.0197468,-0.000722674,0.0106612,0
31000,species1,species3,0,0.0189564,-0.000961069,0.00692538,0
32000,species1,species3,0,0.0177269,-0.000933781,0.00630631,0
33000,species1,species3,0,0.0191571,-0.00085005,0.00771982,0
34000,species1,species3,0,0.0146095,-0.000885879,0.00218979,0
34000,species30,NA,325.472,0.248485,-0.00357823,0.0112326,0
35000,species1,species3,0,0.0190866,-0.000574646,0.00449783,0
35000,species3,NA,239.599,0.00439214,0.000752042,0.0638401,0
36000,species1,species3,0,0.0141671,-2.35682e-05,0.00223167,0
37000,species1,species3,0,0.0140689,0.00145565,0.0117911,0
38000,species1,species3,0,0.00821303,0.000564264,0.000556797,0
38000,species57,NA,321.59,0.211831,0.00309338,0.0123257,0
38000,species26,species67,260.92,0.0440622,-0.000596898,0.0110796,0
39000,species1,species3,0,0.0105299,0.000564264,0.00119518,0
39000,species45,NA,316.263,0.0211608,0.00578872,0.0445734,0
39000,species3,NA,240.858,0.0188619,-0.00114492,0.113894,0
40000,species1,species3,0,0.00645882,0.00393626,0.000535296,0
41000,species1,species3,0,0.0122138,0.00206322,0.00795863,0
41000,species4,species72,320.94,0.0795033,0.00185632,0.0974294,0
41000,species12,species42,209.413,0.115003,-0.00707231,0.0737314,0
42000,species1,species3,0,0.00681482,0.00409724,0.00318302,0
43000,species1,species3,0,0.00836671,0.00252533,0.00472888,0
44000,species1,species3,0,0.009455,0.00016077,0.00268977,0
44000,species3,NA,143.463,0.0150636,-0.00230082,0.023307,0
45000,species1,species3,0,0.013444,0.00016077,0.0081556,0
46000,species1,species3,0,0.00971866,0.000849791,0.00207918,0
47000,species1,species3,0,0.00780131,0.000830654,0.000523365,0
48000,species1,species3,0,0.0102124,0.000830654,0.000827273,0
48000,species15,species70,320.251,0.0745942,-0.00299271,0.0194965,0
48000,species22,species38,213.62,0.0268309,-0.00335869,0.022373,0
49000,species1,species3,0,0.0138027,-0.00068528,0.00562532,0
50000,species1,species3,0,0.036701,-0.00243211,0.01556,0
51000,species1,species3,0,0.0371231,-0.00243211,0.0202654,0
52000,species1,species3,0,0.0198525,-0.00190154,0.00529549,0
53000,species1,species3,0,0.0314225,-0.00225503,0.0145734,0
54000,species1,species3,0,0.0240888,-0.00225503,0.00706438,0
55000,species1,species3,0,0.0417372,-0.00287586,0.0195072,0
56000,species1,species3,0,0.0321911,-0.00316488,0.00724187,0
57000,species1,species3,0,0.0280776,-0.00316488,0.00536805,0
58000,species1,species3,0,0.0364154,-0.00216971,0.014776,0
59000,species1,species3,0,0.0242246,-0.00216971,0.00549698,0
60000,species1,species3,0,0.0352761,-0.00216971,0.0179676,0
61000,species1,species3,0,0.0221022,-0.00236593,0.00174108,0
62000,species1,species3,0,0.0248476,-0.00220703,0.0123586,0
63000,species1,species3,0,0.0293668,-0.00239447,0.0108808,0
64000,species1,species3,0,0.020773,-0.00127377,0.0134296,0
65000,species1,species3,0,0.0152165,-0.000955711,0.00224078,0
66000,species1,species3,0,0.0196244,-0.00116662,0.0091899,0
67000,species1,species3,0,0.0196975,-0.00116662,0.00817527,0
68000,species1,species3,0,0.0232655,-0.00131105,0.0110857,0
69000,species1,species3,0,0.0215864,-0.00131105,0.00922268,0
70000,species1,species3,0,0.0153442,-0.000832512,0.00670739,0
71000,species1,species3,0,0.00997079,0.00196312,0.00443722,0
71000,species3,NA,184.764,0.00374156,0.00299739,0.0484267,0
72000,species1,species3,0,0.0288119,-0.00302704,0.00827835,0
72000,species3,NA,250.231,0.0370051,0.000281569,0.143266,0
73000,species1,species3,0,0.0310496,-0.00271177,0.0150836,0
74000,species1,species3,0,0.00983871,0.00164923,0.00421085,0
75000,species1,species3,0,0.0198926,-0.00161744,0.00567006,0
76000,species1,species3,0,0.0404604,-0.00300879,0.0123625,0
77000,species1,species3,0,0.0333936,-0.00313525,0.00888662,0
77000,species3,NA,87.4516,0.0070753,-0.00513655,0.0359872,0
78000,species1,species3,0,0.0256306,-0.00249567,0.00693045,0
79000,species1,species3,0,0.0135345,-0.000461069,0.00141855,0
80000,species1,species3,0,0.0264171,-0.00199834,0.0103323,0
80000,species3,NA,281.666,0.000336184,0.00326814,0.109277,0
81000,species1,species3,0,0.0162091,-0.00109736,0.0018134,0
82000,species1,species3,0,0.0214917,-0.000653634,0.0125054,0
83000,species1,species3,0,0.0267033,-0.00229901,0.0077408,0
84000,species1,species3,0,0.0271556,-0.00229901,0.0101604,0
85000,species1,species3,0,0.02583,-0.00190622,0.00829878,0
86000,species1,species3,0,0.0146148,-0.000219024,0.0042265,0
86000,species3,NA,43.3626,0.0472497,-0.00176284,0.0543804,0
87000,species1,species3,0,0.0121305,-0.000219024,0.00172118,0
88000,species1,species3,0,0.0349624,-0.0025067,0.0128157,0
89000,species1,species3,0,0.00745961,0.00125598,0.000332644,0
90000,species1,species3,0,0.0114519,0.000996064,0.00295086,0
91000,species1,species3,0,0.0179307,-0.00138999,0.0058475,0
92000,species1,species3,0,0.0130686,-0.000435175,0.0032585,0
93000,species1,species3,0,0.0130076,-5.47482e-05,0.00550927,0
94000,species1,species3,0,0.0151109,-0.000406188,0.00492138,0
95000,species1,species3,0,0.00983217,0.0033306,0.00294733,0
96000,species1,species3,0,0.01661,0.000396116,0.0115015,0
97000,species1,species3,0,0.031505,-0.00403607,0.0055271,0
98000,species1,species3,0,0.0208751,-0.00126062,0.00918432,0
99000,species1,species3,0,0.0136738,0.00050459,0.0102996,0
100000,species1,species3,0,0.0133564,-0.000151228,0.00384198,0
101000,species1,species3,0,0.0125441,-0.000151228,0.00387882,0
102000,species1,species3,0,0.0134493,-0.000151228,0.00368502,0
102000,species3,NA,56.8805,0.0259887,-0.00128836,0.045562,0
103000,species1,species3,0,0.0119783,6.80392e-05,0.00260355,0
104000,species1,species3,0,0.0132531,6.80392e-05,0.0062252,0
105000,species1,species3,0,0.0122353,6.80392e-05,0.00636055,0
106000,species1,species3,0,0.00661077,0.00226701,0.0022985,0
107000,species1,species3,0,0.014648,-0.000359831,0.00123464,0
108000,species1,species3,0,0.0109392,0.000530669,0.00277034,0
109000,species1,species3,0,0.0109548,-0.000224054,0.00377626,0
110000,species1,species3,0,0.005886,0.00310324,0.00145096,0
111000,species1,species3,0,0.0261273,-0.00213145,0.0123856,0
112000,species1,species3,0,0.00843484,0.00119585,0.00301027,0
113000,species1,species3,0,0.0170976,-0.00176833,0.00151735,0
114000,species1,species3,0,0.0104176,0.00315028,0.00602131,0
115000,species1,species3,0,0.00674676,0.00412391,0.000599913,0
115000,species27,NA,315.346,0.0355496,-0.00158224,0.0697465,0
115000,species17,NA,311.536,0.01233,0.00365951,0.010929,0
116000,species1,species3,0,0.0248395,-0.00192787,0.00589982,0
117000,species1,species3,0,0.00943369,0.00195519,0.00514567,0
118000,species1,species3,0,0.00890406,0.000320446,0.000132669,0
118000,species64,NA,323.477,0.0441636,-0.00476982,0.00969811,0
119000,species1,species3,0,0.0228684,-0.00076397,0.0133427,0
119000,species3,NA,211.704,0.0127633,0.00142365,0.0486345,0
120000,species1,species3,0,0.0151725,-0.000223931,0.00426211,0
121000,species1,species3,0,0.0156604,0.000113829,0.00721312,0
122000,species1,species3,0,0.0067843,0.0040661,0.00207917,0
123000,species1,species3,0,0.00938028,0.00161453,0.00288777,0
123000,species53,NA,325.04,0.0665436,-0.00224301,0.052894,0
124000,species1,species3,0,0.0102665,0.000729634,0.00120892,0
124000,species3,NA,234.027,0.00631645,-3.12459e-06,0.0748721,0
125000,species1,species3,0,0.0198658,-0.00136047,0.00461914,0
126000,species1,species3,0,0.00866755,0.000980812,0.00316956,0
127000,species1,species3,0,0.00895786,0.00432538,0.00716645,0
128000,species1,species3,0,0.01139,0.000937213,0.00406579,0
129000,species1,species3,0,0.0138446,-0.000339552,0.00299942,0
130000,species1,species3,0,0.0189648,-0.000942739,0.0059575,0
131000,species1,species3,0,0.0238344,-0.00189754,0.00848178,0
132000,species1,species3,0,0.0163316,-0.00146066,0.00839546,0
133000,species1,species3,0,0.0242529,-0.0025376,0.00642619,0
134000,species1,species3,0,0.0249146,-0.0025376,0.0076586,0
135000,species1,species3,0,0.0266001,-0.00123917,0.0138293,0
136000,species1,species3,0,0.0262926,-0.00426636,0.00346354,0
136000,species3,NA,116.22,0.0420938,-0.000478224,0.076827,0
137000,species1,species3,0,0.0188799,-0.00153198,0.00571492,0
138000,species1,species3,0,0.0157626,-0.000865763,0.00360592,0
139000,species1,species3,0,0.0129248,-0.000865763,0.00100943,0
140000,species1,species3,0,0.0140397,-0.000865763,0.00341388,0
141000,species1,species3,0,0.0135693,-0.000673507,0.000928056,0
142000,species1,species3,0,0.0211898,-0.00107749,0.00943356,0
143000,species1,species3,0,0.00921755,0.00133648,0.0043853,0
144000,species1,species3,0,0.00741314,0.00319395,0.00301783,0
145000,species1,species3,0,0.0111877,0.00135241,0.00549774,0
146000,species1,species3,0,0.00889231,0.00166994,0.00155534,0
147000,species1,species3,0,0.0116372,0.000170889,0.00191184,0
148000,species1,species3,0,0.00994923,0.000579724,0.000588257,0
149000,species1,species3,0,0.0130009,-0.000551057,0.00121262,0
150000,species1,species3,0,0.012515,7.16565e-05,0.00353277,0
151000,species1,species3,0,0.0103102,7.16565e-05,0.00399037,0
152000,species1,species3,0,0.0255524,-0.00143568,0.0131328,0
153000,species1,species3,0,0.0196404,-0.00143568,0.00864747,0
154000,species1,species3,0,0.0307347,-0.00135785,0.0155497,0
155000,species1,species3,0,0.0245875,-0.00110667,0.00843281,0
156000,species1,species3,0,0.029599,-0.00189959,0.0124389,0
157000,species1,species3,0,0.0174339,-0.000820252,0.00691583,0
157000,species3,NA,286.31,0.0131288,-0.00445204,0.0662974,0
158000,species1,species3,0,0.0209129,-0.00110667,0.00655143,0
159000,species1,species3,0,0.0226843,-0.00189959,0.00671042,0
160000,species1,species3,0,0.0135207,-0.000422524,0.0052658,0
161000,species1,species3,0,0.00867559,0.00227568,0.00149867,0
162000,species1,species3,0,0.0182409,-0.00110667,0.00332419,0
163000,species1,species3,0,0.0133646,0.000913469,0.00607691,0
164000,species1,species3,0,0.0103816,0.00117067,0.00514356,0
165000,species1,species3,0,0.0144482,7.49351e-05,0.00290143,0
166000,species1,species3,0,0.0138411,7.49351e-05,0.00810808,0
167000,species1,species3,0,0.0187681,-0.000411942,0.00930133,0
168000,species1,species3,0,0.0180656,-0.000411942,0.0102398,0
169000,species1,species3,0,0.0190956,-0.000411942,0.010506,0
170000,species1,species3,0,0.015409,-0.000371731,0.00304335,0
171000,species1,species3,0,0.00852257,0.00103117,0.00168185,0
172000,species1,species3,0,0.0156159,-0.00075186,0.00213156,0
173000,species1,species3,0,0.0115272,0.000324092,0.00300276,0
174000,species1,species3,0,0.00870772,0.000324092,0.00326524,0
175000,species1,species3,0,0.0180003,3.55459e-05,0.00771062,0
176000,species1,species3,0,0.0125867,-0.000776558,0.00183073,0
177000,species1,species3,0,0.00755525,0.00384532,0.00343135,0
178000,species1,species3,0,0.00829763,0.00248309,0.00396005,0
179000,species1,species3,0,0.010839,0.000303901,0.00066589,0
180000,species1,species3,0,0.0181281,-0.000717877,0.00974004,0
181000,species1,species3,0,0.00726802,0.0033466,0.000548277,0
182000,species1,species3,0,0.00924468,0.00235799,0.00282887,0
183000,species1,species3,0,0.0085438,0.0016407,0.0018884,0
184000,species1,species3,0,0.0130891,0.000189244,0.00559622,0
185000,species1,species3,0,0.0188318,-0.00117454,0.00837666,0
186000,species1,species3,0,0.0126788,-0.00115177,0.00155283,0
187000,species1,species3,0,0.0149685,-0.00115177,0.00298661,0
188000,species1,species3,0,0.0168026,-0.00115177,0.00220759,0
189000,species1,species3,0,0.025967,-0.00162572,0.0107348,0
190000,species1,species3,0,0.0076477,0.00174585,0.00132994,0
191000,species1,species3,0,0.010494,0.000887138,0.00176637,0
192000,species1,species3,0,0.0110875,0.00127573,0.00495424,0
193000,species1,species3,0,0.0184015,-0.00165138,0.00625978,0
194000,species1,species3,0,0.0179226,-0.00165138,0.00454109,0
195000,species1,species3,0,0.00765456,0.00236529,0.000891191,0
196000,species1,species3,0,0.00795735,0.00373549,0.00176963,0
197000,species1,species3,0,0.0416368,-0.00321043,0.0163153,0
198000,species1,species3,0,0.0324672,-0.00112155,0.0221871,0
198000,species3,NA,234.951,0.0182129,0.00141413,0.0744778,0
199000,species1,species3,0,0.0188199,-0.00149254,0.00622037,0
200000,species1,species3,0,0.0262741,-0.00149254,0.0146292,0
201000,species1,species3,0,0.0565101,-0.00346869,0.0242255,0
201000,species3,NA,62.5149,0.00230957,0.00650123,0.0290367,0
202000,species1,species3,0,0.0163968,-0.000961606,0.00431412,0
203000,species1,species3,0,0.0228257,-0.00176996,0.0112087,0
203000,species3,NA,277.613,0.0446218,0.00316174,0.0727793,0
204000,species1,species3,0,0.0337808,-0.00346869,0.00937252,0
205000,species1,species3,0,0.0402732,-0.00346869,0.0144397,0
206000,species1,species3,0,0.0139778,-0.000920863,0.00431749,0
207000,species1,species3,0,0.0190443,-0.000920863,0.00383193,0
207000,species26,species67,298.834,0.0308016,-0.000687639,0.0150394,0
207000,species3,NA,272.838,0.00739572,-0.00768645,0.0769846,0
208000,species1,species3,0,0.0188478,-0.000223362,0.00947949,0
209000,species1,species3,0,0.012767,-0.000223362,0.00110292,0
209000,species3,NA,117.661,0.00302226,-0.000918037,0.0222679,0
210000,species1,species3,0,0.0102192,0.000715677,0.00312731,0
211000,species1,species3,0,0.0142591,0.000715677,0.0131533,0
212000,species1,species3,0,0.0119852,0.000715677,0.0093239,0
213000,species1,species3,0,0.0108995,0.00198831,0.00782292,0
214000,species1,species3,0,0.0215075,-0.000710953,0.0146028,0
215000,species1,species3,0,0.0161111,-0.000710953,0.0058872,0
216000,species1,species3,0,0.0123965,-8.71861e-05,0.00586044,0
217000,species1,species3,0,0.0252357,-0.00168098,0.0096404,0
218000,species1,species3,0,0.0111469,-8.71861e-05,0.00358713,0
219000,species1,species3,0,0.0124084,0.000999101,0.00891764,0
220000,species1,species3,0,0.0164296,-0.000930349,0.00429873,0
221000,species1,species3,0,0.0217198,-0.0014227,0.00593195,0
222000,species1,species3,0,0.0195989,-0.00210111,0.00475888,0
223000,species1,species3,0,0.0309836,-0.00210111,0.0177319,0
224000,species1,species3,0,0.0174607,-0.000968166,0.00676254,0
225000,species1,species3,0,0.0228972,-0.00195665,0.00725615,0
225000,species3,NA,253.775,0.097144,-0.00367434,0.122758,0
226000,species1,species3,0,0.0243596,-0.00230654,0.00792599,0
227000,species1,species3,0,0.0256248,-0.00308733,0.00776011,0
228000,species1,species3,0,0.0299925,-0.00271265,0.0127772,0
229000,species1,species3,0,0.0282854,-0.00334027,0.00432812,0
230000,species1,species3,0,0.0316748,-0.00399254,0.00591674,0
231000,species1,species3,0,0.02833,-0.00199681,0.013334,0
232000,species1,species3,0,0.0244946,-0.00246088,0.00654785,0
233000,species1,species3,0,0.0191543,-0.00265938,5.35622e-05,0
233000,species3,NA,229.533,0.00107917,0.00197788,0.0365728,0
234000,species1,species3,0,0.0285582,-0.00265938,0.0105618,0
235000,species1,species3,0,0.0381154,-0.00280109,0.016664,0
236000,species1,species3,0,0.0338726,-0.00324365,0.0113797,0
237000,species1,species3,0,0.049434,-0.00376579,0.0162153,0
238000,species1,species3,0,0.011129,0.000667938,0.00284393,0
239000,species1,species3,0,0.0113852,0.000667938,0.00104575,0
240000,species1,species3,0,0.0112217,0.000424562,0.00233362,0
240000,species3,NA,236.977,0.0139589,-0.000965957,0.0445917,0
241000,species1,species3,0,0.00903401,0.000424562,6.79529e-05,0
241000,species3,NA,67.2726,0.0246156,-0.00348727,0.0272368,0
241000,species18,NA,329.158,0.23032,0.00368908,0.0256959,0
241000,species15,species70,316.125,0.0226866,0.00185577,0.0181398,0
241000,species27,species56,240.467,0.00782323,-0.000404157,0.0291375,0
242000,species1,species3,0,0.0125451,0.000424562,0.00472597,0
242000,species28,NA,250.716,0.00681419,0.000965028,0.025541,0
242000,species38,NA,317.332,0.003914,-0.00183415,0.0358563,0
243000,species1,species3,0,0.0120541,0.000652123,0.00484457,0
244000,species1,species3,0,0.0118544,0.000889599,0.00757522,0
245000,species1,species3,0,0.00941802,0.000889599,0.000441543,0
246000,species1,species3,0,0.00806145,0.00078385,0.00250907,0
246000,species24,NA,314.493,0.0171631,0.0005115,0.0228994,0
247000,species1,species3,0,0.0153259,0.000287496,0.0115883,0
248000,species1,species3,0,0.0126373,0.000287496,0.00285432,0
248000,species3,NA,141.784,0.0235508,-0.0031275,0.0634165,0
249000,species1,species3,0,0.0143969,-0.000561269,0.00198759,0
250000,species1,species3,0,0.00963746,0.000466344,0.0015167,0
251000,species1,species3,0,0.00786156,0.0027138,0.00056878,0
252000,species1,species3,0,0.0438682,-0.00262282,0.0170365,0
253000,species1,species3,0,0.0226229,-0.00238433,0.00770714,0
254000,species1,species3,0,0.0209835,-0.00233286,0.00258015,0
255000,species1,species3,0,0.0223125,-0.00238126,0.00599443,0
256000,species1,species3,0,0.0210676,-0.00255999,0.00245281,0
257000,species1,species3,0,0.0325341,-0.0033081,0.0124006,0
258000,species1,species3,0,0.0262196,-0.00205896,0.00898979,0
258000,species3,NA,196.401,0.00402884,-0.00156191,0.0503887,0
259000,species1,species3,0,0.0212304,-0.00200377,0.00471931,0
260000,species1,species3,0,0.0314733,-0.00192853,0.0204615,0
261000,species1,species3,0,0.0143334,-0.00192853,0.00425643,0
261000,species3,NA,285.035,0.0247975,-0.000163049,0.151899,0
262000,species1,species3,0,0.0343301,-0.00214761,0.017122,0
263000,species1,species3,0,0.0237061,-0.00112463,0.0104912,0
264000,species1,species3,0,0.0160845,-0.00105941,0.00230855,0
265000,species1,species3,0,0.0174884,-0.00186596,0.000938049,0
266000,species1,species3,0,0.0326287,-0.00228507,0.0118778,0
267000,species1,species3,0,0.0110096,-0.000480543,0.00171964,0
268000,species1,species3,0,0.0132884,-0.00130366,0.00128521,0
269000,species1,species3,0,0.0121873,-0.00130366,0.000875785,0
270000,species1,species3,0,0.0233159,-0.000457192,0.0153456,0
271000,species1,species3,0,0.0137519,-0.000808576,0.00470556,0
272000,species1,species3,0,0.0106274,6.39949e-05,0.00238353,0
273000,species1,species3,0,0.0154368,-0.00137901,0.00413131,0
273000,species3,NA,131.121,0.0229345,-0.00221167,0.0379507,0
274000,species1,species3,0,0.0207403,-0.00137901,0.002973,0
274000,species3,NA,197.974,0.0412557,-0.00446412,0.0897238,0
275000,species1,species3,0,0.0201585,-0.00137901,0.00810111,0
275000,species12,species42,275.914,0.0640149,-0.00202094,0.00858396,0
275000,species4,species65,279.752,0.13988,0.000944836,0.119732,0
275000,species3,NA,284.044,0.0101223,0.00172267,0.113681,0
276000,species1,species3,0,0.020434,-0.00137901,0.0109776,0
277000,species1,species3,0,0.0120368,0.000842268,0.0048193,0
278000,species1,species3,0,0.00844852,7.67249e-05,0.00160393,0
279000,species1,species3,0,0.0287968,-0.00175487,0.0142915,0
280000,species1,species3,0,0.0245489,-0.00175487,0.00864407,0
281000,species1,species3,0,0.0148049,-0.00142852,0.00339963,0
282000,species1,species3,0,0.0198781,-0.00158192,0.00674494,0
283000,species1,species3,0,0.0241849,-0.00280997,0.00657846,0
284000,species1,species3,0,0.0230071,-0.00228294,0.0114591,0
285000,species1,species3,0,0.0471938,-0.00280997,0.021659,0
286000,species1,species3,0,0.0415933,-0.00161448,0.0251609,0
287000,species1,species3,0,0.0258632,-0.00161448,0.00932081,0
288000,species1,species3,0,0.0170397,-0.00228227,0.000399826,0
288000,species3,NA,52.6842,0.00544734,0.00301705,0.018033,0
289000,species1,species3,0,0.0141633,-0.00037111,0.00629986,0
290000,species1,species3,0,0.0207978,-0.000573776,0.0101329,0
291000,species1,species3,0,0.0164903,-0.00157996,0.00123442,0
292000,species1,species3,0,0.00947036,0.00117876,0.000963486,0
293000,species1,species3,0,0.00769291,0.00117876,0.000996014,0
293000,species3,NA,303.181,0.0596177,0.000362102,0.0541229,0
294000,species1,species3,0,0.0255956,-0.00238919,0.0105823,0
295000,species1,species3,0,0.0230048,-0.00233148,0.00425578,0
296000,species1,species3,0,0.022967,-0.00192673,0.00667661,0
297000,species1,species3,0,0.0213467,-0.0011214,0.00431708,0
297000,species3,NA,297.888,0.0257846,0.00345175,0.0906207,0
298000,species1,species3,0,0.0346066,-0.00188614,0.01727,0
299000,species1,species3,0,0.0284347,-0.00267704,0.00698901,0
300000,species1,species3,0,0.0143719,-0.00103334,0.000725373,0
301000,species1,species3,0,0.0199398,-0.00295789,0.00163676,0
301000,species60,NA,329.248,0.214569,-0.00958671,0.0870469,0
302000,species1,species3,0,0.0218868,-0.00295789,0.0028033,0
303000,species1,species3,0,0.0239248,-0.00237339,0.00795943,0
304000,species1,species3,0,0.0188691,-0.00036449,0.0103809,0
305000,species1,species3,0,0.0304859,-0.00175339,0.0166751,0
306000,species1,species3,0,0.0200947,-0.000710704,0.00981454,0
307000,species1,species3,0,0.0190615,-0.00178865,0.00773805,0
308000,species1,species3,0,0.0305304,-0.00278524,0.00822985,0
309000,species1,species3,0,0.0411942,-0.00363795,0.0140063,0
309000,species3,NA,329.64,0.00194695,0.00337365,0.0662488,0
310000,species1,species3,0,0.0577432,-0.00391639,0.0189711,0
311000,species1,species3,0,0.0381025,-0.00390126,0.011235,0
312000,species1,species3,0,0.0406691,-0.00332576,0.00805588,0
312000,species3,NA,165.599,0.018542,-0.00371708,0.0455389,0
313000,species1,species3,0,0.0178889,-0.00120926,0.00469562,0
313000,species3,NA,106.491,0.0115201,0.00025486,0.012167,0
314000,species1,species3,0,0.0206908,-0.000655598,0.00990141,0
314000,species3,NA,122.869,0.013747,-0.000350934,0.0198864,0
315000,species1,species3,0,0.0255207,-0.00142218,0.00873274,0
316000,species1,species3,0,0.0198224,-0.00105965,0.00735213,0
317000,species1,species3,0,0.0389483,-0.0024931,0.0161732,0
318000,species1,species3,0,0.0346466,-0.00195522,0.0142713,0
319000,species1,species3,0,0.0223257,-0.00186022,0.00634671,0
320000,species1,species3,0,0.0222826,-0.00186022,0.00942541,0
321000,species1,species3,0,0.0383565,-0.0033393,0.0109934,0
321000,species3,NA,25.7928,0.00736598,-0.00407498,0.0128833,0
322000,species1,species3,0,0.0283328,-0.0033393,0.00154909,0
323000,species1,species3,0,0.0335371,-0.00186022,0.0199135,0
324000,species1,species3,0,0.0252433,-0.0011907,0.0121321,0
325000,species1,species3,0,0.0334133,-0.00212152,0.014467,0
325000,species3,NA,262.195,0.0025205,-3.44269e-06,0.0706183,0
326000,species1,species3,0,0.0178838,-0.0017056,0.00593799,0
327000,species1,species3,0,0.0146838,-0.000889315,0.00729112,0
328000,species1,species3,0,0.0107693,-0.000774792,0.000626416,0
329000,species1,species3,0,0.0142935,-0.000889315,0.00574099,0
330000,species1,species3,0,0.0214529,-0.000774792,0.0104223,0
331000,species1,species3,0,0.0232828,-0.000914758,0.0101781,0
331000,species3,NA,305.367,0.0678333,0.0002833,0.241116,0
332000,species1,species3,0,0.0355207,-0.00239535,0.014369,0
333000,species1,species3,0,0.0242447,-0.00239535,0.00246989,0
333000,species1,species45,251.596,0.0101546,-0.00611349,0.00121435,0
334000,species1,species3,0,0.0243068,-0.00214598,0.00838066,0
335000,species1,species3,0,0.0156692,-0.000748164,0.00853629,0
336000,species1,species3,0,0.0157011,-0.000951656,0.00313623,0
337000,species1,species3,0,0.0226669,-0.00194781,0.0103792,0
338000,species1,species3,0,0.0218712,-0.00170234,0.00314956,0
339000,species1,species3,0,0.0152687,-0.000733071,0.00581563,0
340000,species1,species3,0,0.0159226,0.000551984,0.00960432,0
341000,species1,species3,0,0.0133515,-0.000163897,0.00235068,0
341000,species3,NA,253.425,0.069595,0.0044405,0.148093,0
342000,species1,species3,0,0.0146073,-0.000163897,0.00453469,0
343000,species1,species3,0,0.0394533,-0.00222028,0.0177626,0
344000,species1,species3,0,0.0106051,0.00173085,0.00805244,0
345000,species1,species3,0,0.00762716,0.00543645,0.00285017,0
346000,species1,species3,0,0.00706907,0.00625027,0.00535477,0
346000,species3,NA,254.772,0.0101042,0.00141478,0.0301429,0
347000,species1,species3,0,0.0186902,-0.000895865,0.00131452,0
348000,species1,species3,0,0.00677438,0.00291589,0.003673,0
349000,species1,species3,0,0.00831005,0.00251706,0.00203269,0
349000,species7,species52,265.939,0.0544158,-0.00420616,0.000144291,0
350000,species1,species3,0,0.00864644,0.00203967,0.00204365,0
351000,species1,species3,0,0.0240199,-0.00200953,0.00990109,0
352000,species1,species3,0,0.0189332,-0.000214475,0.0133425,0
353000,species1,species3,0,0.0161864,-0.00121478,0.00458275,0
354000,species1,species3,0,0.0157547,-0.00068698,0.0043511,0
355000,species1,species3,0,0.0231684,-0.00121478,0.00813422,0
356000,species1,species3,0,0.006964,0.00368856,0.00411167,0
357000,species1,species3,0,0.0224551,-2.60752e-05,0.0167301,0
358000,species1,species3,0,0.0079018,0.00244173,0.00116973,0
359000,species1,species3,0,0.0516684,-0.00274274,0.0269444,0
360000,species1,species3,0,0.0306884,-0.00274274,0.0100806,0
361000,species1,species3,0,0.0340444,-0.00274274,0.0142106,0
362000,species1,species3,0,0.00792953,0.0056514,0.00614276,0
363000,species1,species3,0,0.0118362,0.00195315,0.0032182,0
364000,species1,species3,0,0.0113109,0.00102114,0.00167388,0
365000,species1,species3,0,0.00865317,0.00577317,0.00305079,0
366000,species1,species3,0,0.00862593,0.00238426,0.00263906,0
367000,species1,species3,0,0.0144213,0.000183454,0.00331135,0
368000,species1,species3,0,0.0385504,-0.00227298,0.0209221,0
369000,species1,species3,0,0.00608917,0.00743412,0.00316539,0
370000,species1,species3,0,0.0126611,0.000244719,0.00216066,0
371000,species1,species3,0,0.0181972,-0.00174118,0.00139258,0
372000,species1,species3,0,0.0191864,-0.00167864,0.00576695,0
373000,species1,species3,0,0.0220643,-0.000871685,0.00898123,0
374000,species1,species3,0,0.0128128,-0.000304784,0.00176818,0
375000,species1,species3,0,0.0175367,-0.000434637,0.0100122,0
376000,species1,species3,0,0.01169,-0.000434637,0.000263517,0
376000,species3,NA,277.233,0.0162076,-0.000984805,0.0338404,0
376000,species18,NA,239.66,0.00765235,0.00250563,0.00359337,0
377000,species1,species3,0,0.0148948,-0.000434637,0.00128128,0
378000,species1,species3,0,0.0214477,-0.00105325,0.011501,0
379000,species1,species3,0,0.0257365,-0.00191451,0.0101792,0
380000,species1,species3,0,0.0174854,-0.00244538,0.00316932,0
381000,species1,species3,0,0.0325634,-0.00244538,0.0110353,0
381000,species3,NA,200.786,0.00365516,-0.00535896,0.0262971,0
382000,species1,species3,0,0.0292821,-0.00244538,0.00847983,0
383000,species1,species3,0,0.0163646,-0.00192728,0.00560106,0
384000,species1,species3,0,0.0286854,-0.00220313,0.0100507,0
385000,species1,species3,0,0.0155491,-0.00110155,0.00419558,0
386000,species1,species3,0,0.0182729,-0.00141655,0.0055318,0
387000,species1,species3,0,0.0181741,-0.00110155,0.00967906,0
388000,species1,species3,0,0.0185553,-0.000720258,0.0112672,0
389000,species1,species3,0,0.0178298,-0.000871654,0.00783057,0
390000,species1,species3,0,0.0146375,-0.00101703,0.00315754,0
391000,species1,species3,0,0.00752511,0.00147308,0.00306926,0
392000,species1,species3,0,0.0130489,-0.00101703,0.0017165,0
393000,species1,species3,0,0.0111612,7.79209e-05,0.00269427,0
394000,species1,species3,0,0.0130468,-0.000954666,0.00264105,0
395000,species1,species3,0,0.0252049,-0.00206636,0.010935,0
396000,species1,species3,0,0.0339478,-0.00206636,0.0187973,0
397000,species1,species3,0,0.0239496,-0.00267774,0.00727839,0
398000,species1,species3,0,0.0288591,-0.00197571,0.0112524,0
399000,species1,species3,0,0.0212318,-0.00106831,0.0102713,0
400000,species1,species3,0,0.0195064,-0.00127391,0.00891704,0
401000,species1,species3,0,0.0165494,-0.00127391,0.00489777,0
402000,species1,species3,0,0.0159256,-0.000607516,0.0066576,0
403000,species1,species3,0,0.0173132,-0.000686598,0.00846817,0
404000,species1,species3,0,0.018338,-0.00116106,0.00505148,0
404000,species3,NA,28.4653,0.0370647,-0.0022871,0.0137029,0
405000,species1,species3,0,0.0213929,-0.00116106,0.0106718,0
406000,species1,species3,0,0.0152234,-0.00116106,0.00277097,0
407000,species1,species3,0,0.0426969,-0.00217497,0.0254114,0
408000,species1,species3,0,0.0288629,-0.00143565,0.018561,0
409000,species1,species3,0,0.0182909,-0.00033191,0.00934051,0
410000,species1,species3,0,0.0237858,-0.00120008,0.0114744,0
411000,species1,species3,0,0.00846101,0.000945606,0.00148004,0
412000,species1,species3,0,0.0117367,0.00146316,0.00485648,0
413000,species1,species3,0,0.00776278,0.00372298,0.00117912,0
413000,species13,species55,287.081,0.0815821,-0.00169157,0.0208442,0
414000,species1,species3,0,0.0081973,0.00284298,0.00362438,0
415000,species1,species3,0,0.0101347,0.000870552,0.0029875,0
416000,species1,species3,0,0.0142048,0.000628231,0.00852436,0
417000,species1,species3,0,0.0119303,0.000643449,0.00849688,0
418000,species1,species3,0,0.0348581,-0.00324405,0.0136029,0
419000,species1,species3,0,0.0382232,-0.0031791,0.0143793,0
420000,species1,species3,0,0.0416853,-0.00292943,0.0195941,0
421000,species1,species3,0,0.0240446,-0.00348528,0.00203313,0
421000,species6,species24,192.351,0.0261257,0.00448065,0.0300365,0
422000,species1,species3,0,0.0240429,-0.00165817,0.00768864,0
423000,species1,species3,0,0.0428419,-0.00266663,0.0139778,0
424000,species1,species3,0,0.0339638,-0.0019806,0.0192286,0
425000,species1,species3,0,0.0181525,-0.0019806,0.00386881,0
426000,species1,species3,0,0.023772,-0.00252262,0.00437786,0
427000,species1,species3,0,0.00922808,0.00126493,0.00237306,0
428000,species1,species3,0,0.0163716,-0.00116746,0.00129339,0
429000,species1,species3,0,0.0167481,-0.000891998,0.00416258,0
430000,species1,species3,0,0.0296561,-0.00168661,0.0159418,0
431000,species1,species3,0,0.0327412,-0.00228497,0.0153998,0
432000,species1,species3,0,0.0255093,-0.00228497,0.00423541,0
432000,species3,NA,262.969,0.0048771,-0.00420094,0.0205855,0
433000,species1,species3,0,0.0169991,-0.000893792,0.00596217,0
433000,species3,NA,251.176,0.029507,-0.00420094,0.0514718,0
434000,species1,species3,0,0.0220734,-0.000912258,0.00999822,0
435000,species1,species3,0,0.0217936,-0.00145792,0.0084979,0
436000,species1,species3,0,0.028444,-0.00146877,0.0160672,0
437000,species1,species3,0,0.0180227,-0.00146877,0.00520851,0
438000,species1,species3,0,0.0255052,-0.00101993,0.0157494,0
439000,species1,species3,0,0.0159145,-0.00101993,0.00161714,0
440000,species1,species3,0,0.0174026,-0.00101993,0.006182,0
441000,species1,species3,0,0.0129842,-0.00101993,0.00342827,0
442000,species1,species3,0,0.0152454,-0.00123573,0.0030431,0
443000,species1,species3,0,0.0374492,-0.00286074,0.0127032,0
444000,species1,species3,0,0.0231902,-0.00286074,0.00685881,0
445000,species1,species3,0,0.0191041,-0.00181439,0.00278278,0
446000,species1,species3,0,0.0162214,-0.00144752,0.00624155,0
447000,species1,species3,0,0.0141377,-0.000381105,0.00404678,0
448000,species1,species3,0,0.0415776,-0.00368956,0.0137001,0
449000,species1,species3,0,0.0364238,-0.0035303,0.00890407,0
450000,species1,species3,0,0.0183552,-0.000925707,0.00600825,0
451000,species1,species3,0,0.00764744,0.00192255,0.000433016,0
452000,species1,species3,0,0.0287063,-0.0037508,0.0019957,0
453000,species1,species3,0,0.0348687,-0.00210515,0.0131724,0
454000,species1,species3,0,0.0177586,-0.0011589,0.0060299,0
455000,species1,species3,0,0.017072,-0.00129247,0.00498583,0
456000,species1,species3,0,0.0318548,-0.00324996,0.00858498,0
457000,species1,species3,0,0.023202,-0.00183581,0.00586684,0
457000,species20,NA,328.689,0.0257802,0.00216819,0.00826519,0
458000,species1,species3,0,0.0225561,-0.00183581,0.00774973,0
459000,species1,species3,0,0.0157292,-0.00114096,0.00184038,0
460000,species1,species3,0,0.0143182,-0.000861074,0.00435584,0
461000,species1,species3,0,0.0161855,-0.00155592,0.000933068,0
462000,species1,species3,0,0.0308977,-0.00222184,0.0149481,0
463000,species1,species3,0,0.0209326,-0.00222184,0.0021469,0
463000,species38,NA,314.366,0.00319157,0.00163995,0.0120864,0
464000,species1,species3,0,0.0231338,-0.00135386,0.011129,0
465000,species1,species3,0,0.0151815,-0.000762984,0.00462189,0
466000,species1,species3,0,0.0129094,-0.000762984,0.00138368,0
467000,species1,species3,0,0.0197049,-0.00194433,0.00445294,0
468000,species1,species3,0,0.0488812,-0.00205864,0.0252838,0
468000,species3,NA,106.738,0.109121,-0.00330094,0.11152,0
469000,species1,species3,0,0.020445,-0.0010946,0.00807991,0
470000,species1,species3,0,0.0458068,-0.00304319,0.0181373,0
471000,species1,species3,0,0.0477796,-0.00449407,0.0135212,0
472000,species1,species3,0,0.0416046,-0.00449407,0.00923485,0
473000,species1,species3,0,0.0117571,0.000368708,0.00232549,0
474000,species1,species3,0,0.00969186,0.000368708,0.00178865,0
475000,species1,species3,0,0.0211287,-0.000893798,0.00903547,0
476000,species1,species3,0,0.0160154,-0.000893798,0.00134163,0
477000,species1,species3,0,0.0185425,-0.000603406,0.0122084,0
478000,species1,species3,0,0.0292347,-0.00199385,0.0144335,0
478000,species3,NA,100.229,0.0133059,0.00275237,0.0361836,0
479000,species1,species3,0,0.0344459,-0.00225464,0.0174153,0
479000,species3,NA,147.005,0.0150348,0.000802131,0.0566404,0
480000,species1,species3,0,0.0163558,-0.00094437,0.0024815,0
480000,species7,species52,289.194,0.082622,-0.0080035,0.0180529,0
480000,species3,NA,130.923,0.0058386,0.00230793,0.00865416,0
481000,species1,species3,0,0.0144899,-0.00094437,0.00700331,0
482000,species1,species3,0,0.016285,-0.000938817,0.00521056,0
483000,species1,species3,0,0.0200954,-0.000936578,0.00552629,0
484000,species1,species3,0,0.0200964,-0.000936578,0.00491367,0
485000,species1,species3,0,0.0101369,0.000696228,0.00142808,0
486000,species1,species3,0,0.0147475,-0.000304877,0.00756293,0
486000,species31,NA,320.907,0.0354522,0.00168736,0.181156,0
487000,species1,species3,0,0.0302578,-0.00141542,0.0191572,0
488000,species1,species3,0,0.0157855,-0.00148054,0.00180665,0
488000,species3,NA,83.4233,0.000506271,0.00488976,0.0217257,0
489000,species1,species3,0,0.0128525,-0.000297145,0.00375874,0
490000,species1,species3,0,0.013472,7.55784e-05,0.00627137,0
491000,species1,species3,0,0.0138036,-0.000820134,0.00151172,0
492000,species1,species3,0,0.0129096,-0.00101817,0.000909448,0
493000,species1,species3,0,0.015806,-0.00101817,0.00407623,0
494000,species1,species3,0,0.011881,-0.000297905,0.00222525,0
495000,species1,species3,0,0.0214812,-0.00140706,0.00864102,0
496000,species1,species3,0,0.0167755,-0.00183473,0.00211352,0
497000,species1,species3,0,0.0242287,-0.00119358,0.0130229,0
498000,species1,species3,0,0.0146936,-0.000740075,0.0012314,0
499000,species1,species3,0,0.0188123,-0.00119358,0.00307354,0
499000,species15,species19,184.331,0.0492666,-0.00202098,0.00988053,0
500000,species1,species3,0,0.0157105,-0.00043693,0.00410583,0
500000,species23,NA,305.035,0.00608743,0.000886425,0.114126,0
501000,species1,species3,0,0.0177937,-0.00108797,0.00824952,0
502000,species1,species3,0,0.0220974,-0.00141522,0.0103278,0
503000,species1,species3,0,0.0186692,-0.000305991,0.0075633,0
504000,species1,species3,0,0.0101967,-0.000305991,0.000311743,0
505000,species1,species3,0,0.0133181,-0.000499281,0.00377307,0
506000,species1,species3,0,0.0235134,-0.000444291,0.0101406,0
507000,species1,species3,0,0.0162931,-0.00159374,0.0023578,0
508000,species1,species3,0,0.0230013,-0.00207952,0.00952157,0
509000,species1,species3,0,0.0132713,-0.000633607,0.00394968,0
510000,species1,species3,0,0.0157111,-0.0016846,0.000840853,0
510000,species1,species48,301.382,0.0937232,-0.00423966,0.0121145,0
510000,species68,NA,322.755,0.0233609,-0.00256026,0.0507868,0
511000,species1,species3,0,0.0173411,-0.00078997,0.00589539,0
512000,species1,species3,0,0.0197289,-0.000599788,0.01075,0
512000,species20,NA,225.2,0.00822203,-0.00596498,0.0170405,0
513000,species1,species3,0,0.0262411,-0.00112444,0.0135799,0
514000,species1,species3,0,0.0161453,-0.000580235,0.00620787,0
515000,species1,species3,0,0.0312926,-0.00273188,0.00713848,0
516000,species1,species3,0,0.0253921,-0.00219307,0.0121759,0
517000,species1,species3,0,0.0176785,-0.000691886,0.00861862,0
518000,species1,species3,0,0.0155471,0.000504284,0.0102078,0
519000,species1,species3,0,0.0166591,-0.00141553,0.00297677,0
520000,species1,species3,0,0.0283504,-0.00196979,0.0125579,0
521000,species1,species3,0,0.0235547,-0.0021317,0.00519177,0
522000,species1,species3,0,0.0206069,-0.000975653,0.00806037,0
523000,species1,species3,0,0.00621027,0.00495584,0.0032532,0
524000,species1,species3,0,0.0156413,-0.000975653,0.00462431,0
525000,species1,species3,0,0.0115376,0.000865018,0.00323084,0
526000,species1,species3,0,0.0109789,0.000144715,0.000655578,0
526000,species3,NA,196.065,0.0196544,-0.00385466,0.0537661,0
527000,species1,species3,0,0.0118448,0.000231971,0.00434535,0
528000,species1,species3,0,0.0165887,-0.000772406,0.00460639,0
528000,species3,NA,88.057,0.0151876,0.000995913,0.023329,0
529000,species1,species3,0,0.0183118,-0.000772406,0.00746035,0
530000,species1,species3,0,0.0236906,-0.00221663,0.00398376,0
530000,species27,species56,241.693,0.00867467,-0.00201105,0.00428462,0
531000,species1,species3,0,0.0213949,-0.00168052,0.00692081,0
532000,species1,species3,0,0.0166224,-0.00139561,0.00514453,0
533000,species1,species3,0,0.0181767,-0.000674349,0.0069262,0
534000,species1,species3,0,0.0209422,-0.00139561,0.00959586,0
535000,species1,species3,0,0.0311934,-0.00260984,0.00679165,0
535000,species3,NA,297.463,0.0797724,-0.00140034,0.22225,0
536000,species1,species3,0,0.0286831,-0.00260984,0.00917453,0
536000,species27,NA,314.099,0.045979,0.00513487,0.00724797,0
537000,species1,species3,0,0.0350796,-0.00260984,0.00959467,0
538000,species1,species3,0,0.0101826,-0.000293625,0.000798509,0
539000,species1,species3,0,0.0159458,-0.000650791,0.00466178,0
540000,species1,species3,0,0.028019,-0.00235356,0.0111939,0
541000,species1,species3,0,0.0231961,-0.00235356,0.00519916,0
541000,species3,NA,227.927,0.0514454,-0.00120942,0.113092,0
542000,species1,species3,0,0.026198,-0.00240177,0.0072021,0
543000,species1,species3,0,0.0430802,-0.0022762,0.0234461,0
544000,species1,species3,0,0.0169635,-0.00091128,0.0032346,0
545000,species1,species3,0,0.0195921,-0.00161834,0.00597972,0
545000,species18,NA,326.319,0.0350319,0.00287267,0.0842364,0
546000,species1,species3,0,0.0293912,-0.00161834,0.0111982,0
547000,species1,species3,0,0.022929,-0.00161834,0.0053538,0
548000,species1,species3,0,0.0220457,-0.00229613,0.00798524,0
549000,species1,species3,0,0.0241017,-0.00180193,0.0102435,0
550000,species1,species3,0,0.0308246,-0.0023098,0.0166646,0
551000,species1,species3,0,0.0292652,-0.00157326,0.0164295,0
552000,species1,species3,0,0.0243457,-0.00186471,0.00936563,0
553000,species1,species3,0,0.0262931,-0.00247646,0.00403089,0
553000,species6,NA,329.967,0.0004487,0.000718819,0.0394871,0
554000,species1,species3,0,0.0288856,-0.00231376,0.0109739,0
555000,species1,species3,0,0.0289684,-0.00235719,0.00869836,0
556000,species1,species3,0,0.0224967,-0.0022373,0.00484772,0
557000,species1,species3,0,0.023123,-0.00234508,0.00497578,0
558000,species1,species3,0,0.0290102,-0.00186465,0.016396,0
559000,species1,species3,0,0.0193809,-0.00137005,0.00492285,0
560000,species1,species3,0,0.0196806,-0.00256382,0.00203984,0
560000,species26,species67,271.432,0.0377049,0.00337982,0.0272149,0
561000,species1,species3,0,0.0351163,-0.0018636,0.0157252,0
562000,species1,species3,0,0.0344473,-0.0018636,0.0146213,0
563000,species1,species3,0,0.0394652,-0.0018636,0.024883,0
564000,species1,species3,0,0.0367613,-0.00269055,0.0137807,0
564000,species11,species29,207.245,0.0276642,-0.00406426,0.0226169,0
564000,species17,NA,253.94,0.00932627,0.0046392,0.0426676,0
565000,species1,species3,0,0.0167565,-0.0015915,0.00245108,0
566000,species1,species3,0,0.0465227,-0.00269055,0.0211649,0
567000,species1,species3,0,0.0430421,-0.00269055,0.0207541,0
568000,species1,species3,0,0.0263322,-0.0015915,0.0110355,0
569000,species1,species3,0,0.0186976,-0.00247965,0.00387028,0
570000,species1,species3,0,0.02256,-0.00247965,0.00794869,0
571000,species1,species3,0,0.0213607,-0.00225848,0.00911816,0
572000,species1,species3,0,0.0347047,-0.00189036,0.0222692,0
573000,species1,species3,0,0.0129512,-0.000422368,0.000803725,0
574000,species1,species3,0,0.0116013,-0.000160462,0.000652935,0
575000,species1,species3,0,0.014752,-0.00130779,0.000959098,0
576000,species1,species3,0,0.0125587,-0.000205318,0.00631255,0
577000,species1,species3,0,0.0192868,-0.00167091,0.00205586,0
577000,species3,NA,192.136,0.000195391,-0.000859528,0.022093,0
578000,species1,species3,0,0.0256564,-0.0016828,0.00930992,0
579000,species1,species3,0,0.0200983,-0.0016828,0.00843425,0
580000,species1,species3,0,0.0193507,-0.0016828,0.00755242,0
581000,species1,species3,0,0.0175207,-0.000720532,0.00759759,0
582000,species1,species3,0,0.0318773,-0.00244807,0.0111529,0
583000,species1,species3,0,0.0168319,-0.000299516,0.00217753,0
584000,species1,species3,0,0.0114722,-0.00110059,0.00304173,0
585000,species1,species3,0,0.0210745,-0.000983208,0.0112252,0
586000,species1,species3,0,0.026524,-0.00237424,0.0108546,0
587000,species1,species3,0,0.020611,-0.000853527,0.0151222,0
588000,species1,species3,0,0.0147092,0.000214805,0.00412648,0
589000,species1,species3,0,0.0235106,-0.0019378,0.00819201,0
590000,species1,species3,0,0.00978982,0.000100351,0.00139296,0
591000,species1,species3,0,0.0192753,-0.000118153,0.0116003,0
592000,species1,species3,0,0.0102878,-0.000118153,0.00146817,0
592000,species15,species70,319.225,0.0161754,-0.000184683,0.0769486,0
592000,species3,NA,27.4561,0.0493002,-0.00475681,0.0344875,0
593000,species1,species3,0,0.0310634,-0.0014711,0.016727,0
594000,species1,species3,0,0.0095423,0.000669926,0.000672318,0
594000,species3,NA,152.689,0.00119993,-0.00374551,0.0276151,0
595000,species1,species3,0,0.00942076,0.000669926,0.00230487,0
596000,species1,species3,0,0.0233255,-0.000847122,0.012563,0
597000,species1,species3,0,0.019788,-0.00128938,0.00434685,0
598000,species1,species3,0,0.0233564,-0.000969089,0.0133357,0
599000,species1,species3,0,0.0184606,-0.000938798,0.00717291,0
600000,species1,species3,0,0.0141821,-0.000278586,0.000938381,0
601000,species1,species3,0,0.0337635,-0.00138412,0.0215623,0
602000,species1,species3,0,0.0274062,-0.00339238,0.00239988,0
603000,species1,species3,0,0.0292891,-0.00265133,0.00980943,0
604000,species1,species3,0,0.0300895,-0.00265133,0.010062,0
605000,species1,species3,0,0.0175343,-0.00188396,0.00392504,0
606000,species1,species3,0,0.0305666,-0.00188396,0.0134521,0
607000,species1,species3,0,0.0258766,-0.00188396,0.00686969,0
608000,species1,species3,0,0.0359407,-0.00262796,0.0171017,0
609000,species1,species3,0,0.026669,-0.00231214,0.0109277,0
610000,species1,species3,0,0.0167574,-0.00150808,0.000972851,0
611000,species1,species3,0,0.0161834,-0.000581231,0.0100686,0
612000,species1,species3,0,0.0132184,-0.000594838,0.00262863,0
613000,species1,species3,0,0.0357056,-0.00204801,0.0168566,0
614000,species1,species3,0,0.0199403,-0.000543922,0.0127136,0
615000,species1,species3,0,0.0148302,-0.00101784,0.00148868,0
616000,species1,species3,0,0.0171553,-0.00222873,0.00319819,0
617000,species1,species3,0,0.0286368,-0.00300787,0.0054189,0
618000,species1,species3,0,0.027308,-0.00265216,0.0097178,0
619000,species1,species3,0,0.0321016,-0.002275,0.0140598,0
620000,species1,species3,0,0.0330375,-0.00204507,0.0136479,0
621000,species1,species3,0,0.0450487,-0.00204507,0.0232612,0
621000,species3,NA,263.488,0.00502017,0.000983148,0.0739231,0
622000,species1,species3,0,0.0251142,-0.00204507,0.0115126,0
622000,species3,NA,242.991,0.0123531,-0.00122945,0.103015,0
623000,species1,species3,0,0.0216799,-0.00189014,0.00701749,0
624000,species1,species3,0,0.0185213,-0.00143661,0.00283217,0
624000,species3,NA,105.102,0.0105112,0.000433821,0.0385705,0
625000,species1,species3,0,0.0178947,-0.00084091,0.00702425,0
625000,species3,NA,91.1808,0.00257923,-0.00413141,0.0150318,0
626000,species1,species3,0,0.0173615,-0.00153682,0.00528528,0
626000,species3,NA,84.2232,0.0483535,0.00164482,0.0847445,0
627000,species1,species3,0,0.0175974,-0.00153682,0.00341218,0
627000,species3,NA,115.55,0.0177441,3.02944e-05,0.0543812,0
628000,species1,species3,0,0.0140767,-6.20488e-05,0.00630999,0
629000,species1,species3,0,0.0107059,-0.000162251,0.00296792,0
630000,species1,species3,0,0.0121084,-0.000162251,0.00054054,0
630000,species30,NA,325.687,0.047235,-0.000267713,0.000670099,0
630000,species3,NA,44.6867,0.0549853,-0.00305217,0.0543045,0
631000,species1,species3,0,0.0118253,-0.000162251,0.000117218,0
632000,species1,species3,0,0.0101047,0.000392077,0.00386169,0
633000,species1,species3,0,0.0468164,-0.00284623,0.020757,0
633000,species3,NA,140.387,0.0548657,-0.00267332,0.0726959,0
634000,species1,species3,0,0.0466936,-0.00284623,0.0224057,0
635000,species1,species3,0,0.0536365,-0.00299277,0.0235001,0
636000,species1,species3,0,0.0253309,-0.00299277,0.00533768,0
637000,species1,species3,0,0.026457,-0.00185192,0.0126763,0
637000,species3,NA,74.925,0.0370958,0.00419173,0.0772257,0
638000,species1,species3,0,0.0215616,-0.00185192,0.00127038,0
638000,species3,NA,248.565,0.0481869,-0.0114727,0.0778589,0
639000,species1,species3,0,0.0218702,-0.00218049,0.00428795,0
639000,species3,NA,169.925,0.0206515,-0.0114727,0.0654646,0
640000,species1,species3,0,0.0260839,-0.00231174,0.00824647,0
641000,species1,species3,0,0.0341052,-0.0033502,0.0103215,0
642000,species1,species3,0,0.0181302,-0.00308397,0.00260737,0
642000,species1,species7,122.772,0.0287264,-0.00375831,0.00891345,0
642000,species22,species60,298.455,0.0391295,-0.00164725,0.000954064,0
643000,species1,species3,0,0.0443313,-0.00257932,0.0165747,0
644000,species1,species3,0,0.028593,-0.00303461,0.00793189,0
645000,species1,species3,0,0.0339041,-0.00303461,0.00409288,0
645000,species4,species65,311.253,0.0566039,0.00293716,0.0351603,0
645000,species3,NA,34.8806,0.0125626,0.00277505,0.0137387,0
646000,species1,species3,0,0.0163829,-0.00152854,0.00350254,0
647000,species1,species3,0,0.0171043,-0.00112922,0.00380197,0
648000,species1,species3,0,0.0252055,-0.00214256,0.00843438,0
649000,species1,species3,0,0.0396464,-0.00242018,0.0204893,0
650000,species1,species3,0,0.0144549,-0.000373763,0.00182084,0
651000,species1,species3,0,0.0488363,-0.0026934,0.0205898,0
652000,species1,species3,0,0.0136259,-0.000831306,0.000489917,0
652000,species19,NA,268.487,0.0252597,0.00168174,0.0651686,0
652000,species3,NA,287.662,0.0075422,0.00107521,0.0631075,0
653000,species1,species3,0,0.0264342,-0.00207428,0.0118035,0
654000,species1,species3,0,0.0206741,-0.00192367,0.0060704,0
655000,species1,species3,0,0.0313944,-0.000934012,0.022625,0
656000,species1,species3,0,0.0154218,-0.000934012,0.00311053,0
657000,species1,species3,0,0.0125968,-0.000154405,0.00153325,0
657000,species45,NA,324.693,0.0278609,0.00291459,0.0436522,0
658000,species1,species3,0,0.0161921,-0.000711295,0.00267923,0
659000,species1,species3,0,0.016962,-0.00107387,0.00543485,0
660000,species1,species3,0,0.00991514,0.00121488,0.00369332,0
661000,species1,species3,0,0.00974658,0.000928638,0.00245976,0
662000,species1,species3,0,0.0142094,7.41237e-05,0.00728083,0
662000,species24,NA,310.032,0.0278228,0.000196899,0.0100483,0
663000,species1,species3,0,0.00983735,0.00068667,0.00568641,0
664000,species1,species3,0,0.0136051,-0.000480414,0.00412962,0
665000,species1,species3,0,0.0157928,-0.00141704,0.000381017,0
666000,species1,species3,0,0.0374747,-0.00302022,0.0103803,0
666000,species3,NA,158.646,0.022542,-0.00271646,0.0690941,0
667000,species1,species3,0,0.0199901,-0.00122125,0.00393405,0
668000,species1,species3,0,0.0239291,-0.00143901,0.00866184,0
669000,species1,species3,0,0.0176963,-0.00133286,0.00247423,0
670000,species1,species3,0,0.0189398,-0.00133286,0.00574536,0
671000,species1,species3,0,0.0416562,-0.00133286,0.0227286,0
671000,species3,NA,208.829,0.0161566,-0.00400924,0.0692803,0
672000,species1,species3,0,0.0269148,-0.00156954,0.0146951,0
673000,species1,species3,0,0.0316234,-0.00156954,0.0181601,0
674000,species1,species3,0,0.0126945,-0.00115081,0.00286079,0
675000,species1,species3,0,0.0116362,-8.24089e-05,0.00461084,0
676000,species1,species3,0,0.010842,9.14361e-05,0.00534676,0
676000,species17,NA,233.189,0.00747324,0.00154817,0.0141239,0
677000,species1,species3,0,0.0142553,-0.000373651,0.0049943,0
678000,species1,species3,0,0.0115739,0.000446824,0.00411102,0
679000,species1,species3,0,0.0128672,7.05394e-05,0.0043148,0
680000,species1,species3,0,0.00844665,0.000217627,0.000642948,0
681000,species1,species3,0,0.0148601,0.000107792,0.0100477,0
682000,species1,species3,0,0.0091021,7.05394e-05,0.00194814,0
683000,species1,species3,0,0.0109871,0.000388988,0.00279782,0
684000,species1,species3,0,0.00678579,0.0049342,0.00170695,0
685000,species1,species3,0,0.010074,0.00261999,0.00320873,0
686000,species1,species3,0,0.013589,-0.000131443,0.00694653,0
687000,species1,species3,0,0.0176862,-0.000131443,0.0090996,0
688000,species1,species3,0,0.0143226,-0.00119433,0.00222472,0
689000,species1,species3,0,0.024803,-0.00161756,0.0109797,0
690000,species1,species3,0,0.0345583,-0.00323448,0.00450526,0
691000,species1,species3,0,0.0159475,-0.00155265,0.00224813,0
692000,species1,species3,0,0.0211559,-0.00184899,0.0042177,0
692000,species49,NA,312.296,0.00391984,0.00377422,0.000211266,0
693000,species1,species3,0,0.0114727,0.000784451,0.00840325,0
694000,species1,species3,0,0.0240916,-0.00129409,0.0148178,0
695000,species1,species3,0,0.0230693,0.000101935,0.00999171,0
696000,species1,species3,0,0.00583778,0.00308405,0.000810469,0
697000,species1,species3,0,0.0235223,-0.000847135,0.0165527,0
698000,species1,species3,0,0.0172233,-0.00136783,0.0024884,0
699000,species1,species3,0,0.0211719,-0.00150398,0.00591812,0
700000,species1,species3,0,0.0260344,-0.0014539,0.00902737,0
701000,species1,species3,0,0.0145552,-0.00156782,0.00288244,0
702000,species1,species3,0,0.0227828,-0.000455128,0.0157994,0
703000,species1,species3,0,0.0118151,0.00150274,0.0101232,0
704000,species1,species3,0,0.00776549,0.002471,0.00303491,0
705000,species1,species3,0,0.00724214,0.00274181,0.00232155,0
706000,species1,species3,0,0.00981262,0.00261177,0.00455047,0
707000,species1,species3,0,0.00776703,0.0022593,0.0035195,0
708000,species1,species3,0,0.0209523,-0.00115757,0.00896573,0
709000,species1,species3,0,0.0194896,-0.00115757,0.00741449,0
710000,species1,species3,0,0.0134364,0.000815404,0.00787998,0
711000,species1,species3,0,0.00987314,0.00186074,0.00621608,0
712000,species1,species3,0,0.0098107,0.00161334,0.00345681,0
712000,species3,NA,308.562,0.0622333,-0.00200528,0.0060794,0
712000,species3,NA,82.001,0.0220539,-0.00453349,0.0182998,0
713000,species1,species3,0,0.0131948,-0.000540721,0.0044208,0
714000,species1,species3,0,0.0151041,-0.000540721,0.00323772,0
714000,species3,NA,92.3087,0.0456075,-0.00453349,0.0353614,0
715000,species1,species3,0,0.0101596,-0.000540721,0.00033449,0
716000,species1,species3,0,0.00995498,0.000828922,0.0029913,0
716000,species3,NA,322.264,0.00262907,0.00256484,0.0148436,0
717000,species1,species3,0,0.0125682,0.000828922,0.00790823,0
718000,species1,species3,0,0.0123893,0.00349324,0.00686351,0
718000,species3,NA,161.002,0.0139997,-0.00345591,0.0382468,0
719000,species1,species3,0,0.00954813,0.00167894,0.00283219,0
719000,species19,NA,303.874,0.0135443,-0.00118895,0.0187586,0
720000,species1,species3,0,0.0215437,-0.000715887,0.00898614,0
720000,species3,NA,144.981,0.00169632,-0.00345591,0.0287457,0
721000,species1,species3,0,0.00984408,0.00102699,0.00195336,0
722000,species1,species3,0,0.0162692,-0.000307478,0.00973978,0
723000,species1,species3,0,0.0112504,0.000915175,0.000180788,0
723000,species59,NA,313.054,0.0230568,-0.00394261,0.00438801,0
724000,species1,species3,0,0.00719414,0.00444518,0.000593008,0
725000,species1,species3,0,0.00827601,0.00102647,0.000226755,0
726000,species1,species3,0,0.0101363,-8.0757e-05,0.00123172,0
727000,species1,species3,0,0.0145018,-8.0757e-05,0.00410057,0
728000,species1,species3,0,0.0116349,0.000820876,0.00410538,0
729000,species1,species3,0,0.00758489,0.00151017,0.000990523,0
730000,species1,species3,0,0.0073364,0.00175052,0.00136997,0
731000,species1,species3,0,0.00850766,0.00143007,0.00113904,0
732000,species1,species3,0,0.00914269,3.28081e-05,0.000178829,0
733000,species1,species3,0,0.0132236,3.28081e-05,0.00646617,0
734000,species1,species3,0,0.0165798,3.28081e-05,0.00845027,0
734000,species9,species41,274.638,0.0109861,0.00325753,0.00502649,0
735000,species1,species3,0,0.00710261,0.0044155,0.00399507,0
736000,species1,species3,0,0.00776182,0.00400597,0.00124174,0
737000,species1,species3,0,0.00585752,0.00465309,0.00214466,0
738000,species1,species3,0,0.0130671,0.000108972,0.0072449,0
739000,species1,species3,0,0.00584341,0.00482071,0.0015618,0
740000,species1,species3,0,0.00740236,0.00238153,0.00127183,0
741000,species1,species3,0,0.00812553,0.000480219,0.00255603,0
742000,species1,species3,0,0.00676769,0.00369608,0.000766983,0
743000,species1,species3,0,0.0100547,0.00360832,0.00702675,0
744000,species1,species3,0,0.00603717,0.00692166,0.00130859,0
745000,species1,species3,0,0.00724483,0.00425298,0.00217548,0
746000,species1,species3,0,0.00613936,0.00528999,0.00281364,0
747000,species1,species3,0,0.0110419,0.00040551,0.00328614,0
748000,species1,species3,0,0.0121155,0.000888787,0.00738964,0
749000,species1,species3,0,0.0153552,-0.000109495,0.00654949,0
750000,species1,species3,0,0.0121957,-0.000109495,0.00101176,0
750000,species3,NA,4.58529,0.00246581,0.00423205,0.0275973,0
751000,species1,species3,0,0.0189832,-0.00146439,0.00212559,0
751000,species26,species67,254.628,0.0174104,-0.00112881,0.0187994,0
751000,species3,NA,57.7235,0.00769235,-0.00300786,0.035371,0
752000,species1,species3,0,0.0241418,-0.00186875,0.00438973,0
752000,species3,NA,79.5113,0.016449,0.00202015,0.029348,0
753000,species1,species3,0,0.0318415,-0.00188525,0.0159413,0
754000,species1,species3,0,0.0309685,-0.00195429,0.0125357,0
755000,species1,species3,0,0.0320148,-0.00195429,0.0137885,0
756000,species1,species3,0,0.0206584,-0.00258388,0.00503849,0
757000,species1,species3,0,0.0453071,-0.0030546,0.0216821,0
758000,species1,species3,0,0.022792,-0.00211252,0.0050447,0
759000,species1,species3,0,0.0355406,-0.00311219,0.0109584,0
760000,species1,species3,0,0.0234193,-0.00211252,0.00651686,0
761000,species1,species3,0,0.0391658,-0.00260429,0.0191664,0
762000,species1,species3,0,0.0238391,-0.0017797,0.0073614,0
763000,species1,species3,0,0.0198788,-0.00210351,0.00410271,0
763000,species48,NA,321.334,0.0213196,0.00374688,0.0180829,0
763000,species24,NA,274.606,0.00621877,-0.00490583,0.00292339,0
764000,species1,species3,0,0.0183347,-0.00210351,0.00435335,0
764000,species3,NA,3.21665,0.0409406,-0.00154575,0.0439326,0
765000,species1,species3,0,0.017975,-0.00210351,0.00523895,0
766000,species1,species3,0,0.0444276,-0.00279373,0.0216497,0
767000,species1,species3,0,0.0466917,-0.00320223,0.0179262,0
768000,species1,species3,0,0.0248657,-0.00151905,0.00986775,0
769000,species1,species3,0,0.0238136,-0.00151905,0.0102126,0
770000,species1,species3,0,0.0122793,-0.000897938,4.51638e-05,0
771000,species1,species3,0,0.0167607,-0.00100208,0.00175268,0
772000,species1,species3,0,0.0169479,-0.000873742,0.00432714,0
773000,species1,species3,0,0.0210104,-0.000938713,0.00939234,0
774000,species1,species3,0,0.0214946,-0.000938713,0.00724947,0
775000,species1,species3,0,0.0173312,-0.000927437,0.00330936,0
776000,species1,species3,0,0.0154651,-0.000515176,0.00837672,0
777000,species1,species3,0,0.0190902,-0.000515176,0.00842981,0
777000,species3,NA,235.036,0.0292041,0.00326919,0.0901902,0
778000,species1,species3,0,0.0133487,-0.000515176,0.00220314,0
778000,species3,NA,117.43,0.0185584,-0.00720451,0.0379699,0
779000,species1,species3,0,0.0166376,-0.00103374,0.00292041,0
780000,species1,species3,0,0.0314068,-0.00270371,0.0102434,0
781000,species1,species3,0,0.0194737,-0.00090925,0.00584982,0
782000,species1,species3,0,0.0339851,-0.00270371,0.0100636,0
783000,species1,species3,0,0.0197909,-0.000638709,0.00781437,0
784000,species1,species3,0,0.0172147,-0.00155477,0.00210379,0
785000,species1,species3,0,0.0153674,-0.000880921,0.0058077,0
786000,species1,species3,0,0.0201383,-0.000880921,0.0131666,0
787000,species1,species3,0,0.0293415,-0.00208642,0.00950505,0
788000,species1,species3,0,0.0289924,-0.0028517,0.00568267,0
788000,species3,NA,270.918,0.0320687,-0.0044184,0.0947504,0
789000,species1,species3,0,0.0191508,-0.00165637,0.00543044,0
790000,species1,species3,0,0.0388804,-0.00342493,0.0149568,0
791000,species1,species3,0,0.0442086,-0.00290858,0.0192574,0
792000,species1,species3,0,0.0227509,-0.00138954,0.0110512,0
793000,species1,species3,0,0.0175718,-0.00121676,0.00171917,0
793000,species28,NA,303.037,0.015421,-0.000475399,0.0169557,0
793000,species3,NA,185.501,0.021995,-0.00346204,0.068432,0
794000,species1,species3,0,0.0227678,-0.000901263,0.00585536,0
794000,species3,NA,216.063,0.0326442,-0.00346204,0.0562556,0
795000,species1,species3,0,0.0192366,-0.000712181,0.0105164,0
796000,species1,species3,0,0.0118543,-0.000712181,0.00124818,0
797000,species1,species3,0,0.0116375,-0.000222098,0.00566511,0
798000,species1,species3,0,0.0176825,-0.000222098,0.00661587,0
798000,species3,NA,165.197,0.0475348,-0.0039512,0.0397345,0
799000,species1,species3,0,0.00832666,0.0017219,0.00578807,0
800000,species1,species3,0,0.0318057,-0.00237942,0.0134817,0
801000,species1,species3,0,0.0395266,-0.00237942,0.015386,0
801000,species3,NA,142.206,0.0246193,0.00162698,0.0451151,0
802000,species1,species3,0,0.0324746,-0.00215497,0.0142706,0
803000,species1,species3,0,0.0271374,-0.0016858,0.0141321,0
804000,species1,species3,0,0.0255215,-0.00224264,0.00915909,0
805000,species1,species3,0,0.0321212,-0.00249526,0.0122436,0
806000,species1,species3,0,0.0226067,-0.00219185,0.0064235,0
807000,species1,species3,0,0.0324111,-0.00327778,0.0105596,0
808000,species1,species3,0,0.0253088,-0.00219185,0.00851729,0
809000,species1,species3,0,0.0274894,-0.00219185,0.0115335,0
810000,species1,species3,0,0.0270506,-0.00163501,0.0141958,0
811000,species1,species3,0,0.022266,-0.000677029,0.0123693,0
812000,species1,species3,0,0.0173509,-0.000677029,0.00426622,0
813000,species1,species3,0,0.0155402,-0.000313372,0.00421342,0
814000,species1,species3,0,0.0195909,-0.00134295,0.0109555,0
815000,species1,species3,0,0.00726832,0.0009284,0.00129189,0
816000,species1,species3,0,0.0282484,-0.0024827,0.0104723,0
817000,species1,species3,0,0.0150151,-0.00161058,0.00102339,0
818000,species1,species3,0,0.0136238,-0.00112927,0.00556362,0
819000,species1,species3,0,0.0248732,-0.00162925,0.0108399,0
820000,species1,species3,0,0.0288702,-0.00162925,0.0154577,0
821000,species1,species3,0,0.0273258,-0.00162925,0.0152751,0
822000,species1,species3,0,0.0226606,-0.000720785,0.0168865,0
823000,species1,species3,0,0.0197016,-0.000720785,0.0094308,0
824000,species1,species3,0,0.016564,-0.000720785,0.0047836,0
825000,species1,species3,0,0.0134122,-0.000600107,0.00587677,0
826000,species1,species3,0,0.0180481,-0.00120067,0.00275995,0
827000,species1,species3,0,0.0198756,-0.00120315,0.00236681,0
828000,species1,species3,0,0.0162715,-0.000601355,0.00282676,0
829000,species1,species3,0,0.0112064,-0.000601355,0.000282604,0
829000,species6,species24,158.22,0.02336,-0.00447294,0.00409144,0
829000,species5,species32,224.267,0.0248064,0.000419016,0.0124033,0
829000,species3,NA,120.799,0.00188446,-0.00225401,0.0169621,0
830000,species1,species3,0,0.0185091,-0.00189549,0.00355728,0
831000,species1,species3,0,0.0196207,-0.00153061,0.00685534,0
832000,species1,species3,0,0.0132239,-0.000601355,0.00346306,0
833000,species1,species3,0,0.0155525,-0.000321524,0.00143615,0
834000,species1,species3,0,0.0137239,-0.000562865,0.00237644,0
835000,species1,species3,0,0.0160217,-0.000497536,0.00173072,0
835000,species3,NA,281.023,0.0106367,0.00119299,0.0168946,0
836000,species1,species3,0,0.0148082,-0.000466126,0.00448273,0
836000,species3,NA,232.371,0.0132666,0.00134175,0.0674361,0
837000,species1,species3,0,0.0133256,-6.62045e-05,0.0022422,0
838000,species1,species3,0,0.0108664,0.000262796,0.00406519,0
839000,species1,species3,0,0.00943315,0.000756749,0.00322913,0
840000,species1,species3,0,0.0111935,0.00108575,0.00471948,0
841000,species1,species3,0,0.0259058,-0.00249327,0.0101604,0
842000,species1,species3,0,0.0396746,-0.00249327,0.0180491,0
843000,species1,species3,0,0.0251422,-0.00122113,0.0113629,0
844000,species1,species3,0,0.0228351,-0.00210572,0.00541269,0
844000,species3,NA,74.3385,0.105898,-0.00414462,0.0739375,0
845000,species1,species3,0,0.0221727,-0.00210572,0.00384057,0
846000,species1,species3,0,0.00770519,0.000511006,0.000228836,0
847000,species1,species3,0,0.0340327,-0.00310298,0.0109831,0
848000,species1,species3,0,0.0169432,-0.00151545,0.00143528,0
849000,species1,species3,0,0.0212153,-0.00241177,0.000206323,0
849000,species3,NA,271.962,0.0106576,-0.000652261,0.114312,0
850000,species1,species3,0,0.0240978,-0.00241177,0.00672103,0
850000,species3,NA,249.57,0.0304041,-0.000736507,0.0983085,0
851000,species1,species3,0,0.0469667,-0.00323851,0.0252089,0
852000,species1,species3,0,0.0347911,-0.00323851,0.0135958,0
853000,species1,species3,0,0.0378856,-0.00323851,0.0124226,0
854000,species1,species3,0,0.0437174,-0.00359157,0.0144884,0
854000,species3,NA,15.398,0.0474239,-0.00243987,0.0332548,0
855000,species1,species3,0,0.0403758,-0.00340223,0.0113805,0
856000,species1,species3,0,0.0331207,-0.002852,0.017297,0
857000,species1,species3,0,0.0331427,-0.0024395,0.013843,0
858000,species1,species3,0,0.0366869,-0.00457756,0.00675603,0
859000,species1,species3,0,0.0417045,-0.00357002,0.0146257,0
860000,species1,species3,0,0.0272501,-0.00357002,0.00713116,0
861000,species1,species3,0,0.0419611,-0.00357002,0.0137217,0
862000,species1,species3,0,0.0367482,-0.00357002,0.0121375,0
863000,species1,species3,0,0.0160259,-0.00075258,0.00839814,0
864000,species1,species3,0,0.00759291,0.000446466,0.0012853,0
865000,species1,species3,0,0.0056687,0.00461614,0.000440077,0
865000,species43,NA,312.162,0.0258151,-0.003093,0.0110605,0
866000,species1,species3,0,0.0112486,-0.000163559,0.00208604,0
866000,species28,NA,307.316,0.0519544,0.000992027,0.0413717,0
867000,species1,species3,0,0.0145569,0.000830934,0.00970682,0
868000,species1,species3,0,0.0154093,9.42483e-05,0.0104594,0
869000,species1,species3,0,0.0117179,-0.000197202,0.00244329,0
870000,species1,species3,0,0.0106045,0.00059209,0.0027554,0
871000,species1,species3,0,0.0214684,-0.00232639,0.00394194,0
872000,species1,species3,0,0.0185295,-0.00130142,0.0058877,0
873000,species1,species3,0,0.0219975,-0.000831305,0.00743837,0
874000,species1,species3,0,0.0179967,-0.000831305,0.00630479,0
874000,species3,NA,264.182,0.00739493,0.000345088,0.114813,0
875000,species1,species3,0,0.0167908,-0.000831305,0.00398059,0
876000,species1,species3,0,0.0157913,-0.00183244,0.00343946,0
877000,species1,species3,0,0.0206671,-0.00112891,0.00625303,0
878000,species1,species3,0,0.0143384,0.000487358,0.00483411,0
878000,species41,NA,315.478,0.0108383,-0.00194533,0.150323,0
879000,species1,species3,0,0.0111466,0.00221307,0.00589363,0
880000,species1,species3,0,0.00682863,0.00183395,0.000484669,0
881000,species1,species3,0,0.0109542,0.00126975,0.00721299,0
882000,species1,species3,0,0.00747127,0.0034141,0.000878263,0
883000,species1,species3,0,0.00737046,0.00310339,0.00252423,0
884000,species1,species3,0,0.00858316,0.00737149,0.00606919,0
885000,species1,species3,0,0.0163879,0.000896772,0.0146954,0
886000,species1,species3,0,0.00807276,0.00396284,0.00455463,0
887000,species1,species3,0,0.00892508,0.00939013,0.0058282,0
888000,species1,species3,0,0.00724616,0.00640899,0.00455471,0
889000,species1,species3,0,0.0106397,0.000618229,0.00503694,0
890000,species1,species3,0,0.0137793,-7.05025e-05,0.00584424,0
891000,species1,species3,0,0.00945561,0.00337686,0.00341089,0
892000,species1,species3,0,0.00933468,0.00167987,0.00283994,0
893000,species1,species3,0,0.00886561,0.000683782,0.000665618,0
894000,species1,species3,0,0.0103166,0.000683782,0.00107047,0
895000,species1,species3,0,0.00900312,0.000562238,0.00112205,0
896000,species1,species3,0,0.00699219,0.00357601,0.000501155,0
897000,species1,species3,0,0.00773106,0.00418705,0.00293905,0
898000,species1,species3,0,0.00704158,0.00642405,0.000151671,0
899000,species1,species3,0,0.00771585,0.00226109,0.00162546,0
899000,species3,NA,170.705,0.017174,0.00313648,0.0330875,0
900000,species1,species3,0,0.00994903,0.00101691,0.000717184,0
901000,species1,species3,0,0.0118676,0.00017015,0.00143663,0
901000,species3,NA,214.843,0.0223537,0.000492887,0.089965,0
902000,species1,species3,0,0.0108769,5.15009e-05,0.00400106,0
903000,species1,species3,0,0.00977474,5.15009e-05,0.000454257,0
904000,species1,species3,0,0.00774145,0.000234302,0.000949699,0
905000,species1,species3,0,0.0127931,0.00167326,0.00720715,0
905000,species3,NA,262.541,0.0825518,-0.0017995,0.174341,0
906000,species1,species3,0,0.0306185,-0.00231414,0.0142534,0
907000,species1,species3,0,0.00748791,0.0037112,0.00406332,0
907000,species17,NA,327.286,0.00622041,-0.00490306,0.0730114,0
908000,species1,species3,0,0.0083324,0.00383839,0.00481676,0
909000,species1,species3,0,0.023089,-0.00147523,0.00730314,0
910000,species1,species3,0,0.0295004,-0.00165602,0.015368,0
911000,species1,species3,0,0.00898161,0.00179179,0.00354544,0
912000,species1,species3,0,0.013514,-0.000331812,0.0025001,0
913000,species1,species3,0,0.0150163,0.000385803,0.00702347,0
914000,species1,species3,0,0.0115493,6.62352e-05,0.00146635,0
914000,species66,NA,324.87,0.00638891,-0.00661378,0.011295,0
915000,species1,species3,0,0.00938579,0.00154415,0.00254789,0
916000,species1,species3,0,0.0159073,-0.00146274,0.000104703,0
917000,species1,species3,0,0.0182223,-0.00146274,0.00102849,0
918000,species1,species3,0,0.0332659,-0.00250869,0.0150252,0
919000,species1,species3,0,0.00697055,0.00501841,0.000367245,0
920000,species1,species3,0,0.0282735,-0.00275981,0.00821934,0
921000,species1,species3,0,0.0342968,-0.00332072,0.0139535,0
922000,species1,species3,0,0.037811,-0.0037279,0.0132321,0
923000,species1,species3,0,0.0261046,-0.00316422,0.00688871,0
923000,species19,NA,315.01,0.067081,-0.0041038,0.0409093,0
923000,species3,NA,277.883,0.0176628,-0.000488458,0.133196,0
924000,species1,species3,0,0.0475678,-0.00446078,0.0121919,0
925000,species1,species3,0,0.0399847,-0.00401168,0.0094897,0
926000,species1,species3,0,0.0462996,-0.00401168,0.0136776,0
926000,species3,NA,120.422,0.00621837,-0.00393824,0.012238,0
927000,species1,species3,0,0.0438759,-0.00401168,0.0125993,0
928000,species1,species3,0,0.0497339,-0.00401168,0.0136759,0
929000,species1,species3,0,0.0294904,-0.00401168,0.00185468,0
929000,species17,NA,329.016,0.10081,-0.000140513,0.000994684,0
930000,species1,species3,0,0.0114556,-3.36993e-05,0.00364435,0
931000,species1,species3,0,0.00916056,-3.36993e-05,0.000331085,0
931000,species5,species57,239.723,0.0180442,-0.00260559,0.00559275,0
932000,species1,species3,0,0.0141382,8.13093e-07,0.00552684,0
933000,species1,species3,0,0.0451333,-0.00296135,0.0184064,0
934000,species1,species3,0,0.0422507,-0.00296135,0.0140679,0
935000,species1,species3,0,0.0267515,-0.00201552,0.0137823,0
936000,species1,species3,0,0.0124133,-0.000542486,0.00532309,0
937000,species1,species3,0,0.0159662,0.000225563,0.00933473,0
938000,species1,species3,0,0.0187647,0.000225563,0.0107303,0
939000,species1,species3,0,0.0228404,-0.00177942,0.00858015,0
940000,species1,species3,0,0.022301,-0.00106462,0.00655216,0
941000,species1,species3,0,0.0158359,-3.57368e-05,0.00966551,0
942000,species1,species3,0,0.00910347,0.00222058,0.00199857,0
943000,species1,species3,0,0.0183972,-0.000285631,0.00964502,0
944000,species1,species3,0,0.014473,-0.000285631,0.0083795,0
945000,species1,species3,0,0.0186984,-0.000675238,0.00399787,0
945000,species3,NA,289.852,0.038469,0.00328372,0.167428,0
946000,species1,species3,0,0.0159569,-0.000675238,0.0068886,0
947000,species1,species3,0,0.0158229,-0.000675238,0.00394312,0
948000,species1,species3,0,0.00759888,0.00424184,0.00235341,0
949000,species1,species3,0,0.0149205,-0.000489744,0.0070718,0
950000,species1,species3,0,0.00944995,0.00238053,0.00753329,0
950000,species3,NA,81.4254,0.0116128,-0.000273599,0.0438276,0
951000,species1,species3,0,0.0134851,-0.000644602,0.00260465,0
952000,species1,species3,0,0.0129718,-0.000644602,0.00139036,0
952000,species4,species65,300.023,0.072819,0.00195146,0.0471197,0
953000,species1,species3,0,0.0470767,-0.00332714,0.0174362,0
954000,species1,species3,0,0.0185008,-0.000144091,0.0112859,0
955000,species1,species3,0,0.0148207,0.000225242,0.00860986,0
956000,species1,species3,0,0.00991657,0.000225242,0.00352386,0
957000,species1,species3,0,0.0121906,-0.000573686,0.00250075,0
958000,species1,species3,0,0.022377,-0.000479155,0.0120733,0
959000,species1,species3,0,0.0270679,-0.00165866,0.010121,0
960000,species1,species3,0,0.0203963,-0.00165866,0.00634836,0
961000,species1,species3,0,0.0222005,-0.000693743,0.0125773,0
962000,species1,species3,0,0.0122556,-0.000693743,0.00148082,0
963000,species1,species3,0,0.0240659,-0.00185584,0.00565659,0
964000,species1,species3,0,0.00805235,0.00217117,0.000290327,0
964000,species3,NA,97.0239,0.00350636,0.000614315,0.0192564,0
965000,species1,species3,0,0.0169487,-0.00101246,0.00456327,0
966000,species1,species3,0,0.00788964,0.00123492,0.000776746,0
967000,species1,species3,0,0.0153559,-0.000374829,0.00838928,0
968000,species1,species3,0,0.00781727,0.002658,0.000855069,0
969000,species1,species3,0,0.00955162,0.00085451,0.0039197,0
970000,species1,species3,0,0.0107549,0.00316407,0.00841634,0
971000,species1,species3,0,0.0125032,0.000311326,0.00505642,0
971000,species39,NA,280.888,0.00434874,0.00427608,0.0276156,0
971000,species6,species24,202.039,0.0108499,-0.000876563,0.00249408,0
972000,species1,species3,0,0.0143752,0.000244753,0.005309,0
973000,species1,species3,0,0.00803617,0.00203905,0.00189507,0
974000,species1,species3,0,0.00980902,0.00272775,0.00519557,0
975000,species1,species3,0,0.00796539,0.00289041,0.00411219,0
976000,species1,species3,0,0.00695689,0.00323492,0.000895046,0
977000,species1,species3,0,0.0100386,5.51366e-05,0.000737818,0
978000,species1,species3,0,0.00901486,0.00429402,0.008181,0
979000,species1,species3,0,0.00657374,0.00553027,0.000941627,0
980000,species1,species3,0,0.00692785,0.00840815,0.0012888,0
981000,species1,species3,0,0.011244,0.00192738,0.00859763,0
982000,species1,species3,0,0.00721013,0.00296775,0.00260123,0
983000,species1,species3,0,0.0103845,1.09178e-05,0.00219214,0
984000,species1,species3,0,0.00656191,0.00181649,0.000831042,0
985000,species1,species3,0,0.00783338,0.00130491,1.83821e-05,0
986000,species1,species3,0,0.0108838,-0.000907922,0.000512689,0
986000,species37,NA,312.593,0.0329545,-0.00175148,0.0545339,0
987000,species1,species3,0,0.0176342,-0.000907922,0.00261667,0
988000,species1,species3,0,0.0192251,5.62985e-05,0.00982114,0
988000,species4,species65,304.191,0.0773074,-0.000320059,0.0696279,0
989000,species1,species3,0,0.0251671,-0.0012052,0.0129541,0
990000,species1,species3,0,0.0243773,-0.0012052,0.012743,0
991000,species1,species3,0,0.0131291,0.000681594,0.00435989,0
992000,species1,species3,0,0.0118295,-4.55267e-05,0.00404504,0
993000,species1,species3,0,0.0134283,-0.000122223,0.00737455,0
994000,species1,species3,0,0.0139338,-0.00104806,0.00177519,0
995000,species1,species3,0,0.0128166,-8.40801e-05,0.00502235,0
996000,species1,species3,0,0.0143704,-0.000875285,0.00210524,0
996000,species3,NA,250.485,0.00577109,0.00494327,0.0753983,0
997000,species1,species3,0,0.0112786,-0.000875285,0.00184168,0
998000,species1,species3,0,0.0115863,-0.000875285,0.00144718,0
998000,species3,NA,57.6241,0.00150099,-0.00146466,0.023639,0
999000,species1,species3,0,0.0178176,-0.000875285,0.00153895,0
999000,species3,NA,59.1065,0.00401082,-0.00628978,0.0196777,0
