generation,N_shifts,logPrior,logLik,eventRate,acceptRate
0,0,8.11517,-425.147,1,0
1000,0,9.25495,-378.152,0.216118,0.28
2000,0,9.16617,-378.357,0.374606,0.266
3000,0,8.55018,-382.597,0.0153444,0.246918
4000,0,8.77183,-379.219,0.360317,0.267183
5000,0,9.13271,-377.435,0.278022,0.285
6000,0,9.19193,-377.571,0.137095,0.28725
7000,0,8.39795,-377.91,0.12195,0.219
8000,2,18.1702,-377.112,3.77974,0.33
9000,1,15.9913,-375.517,0.172509,0.452
10000,1,15.395,-376.412,1.46307,0.427
11000,0,9.09261,-378.37,0.194261,0.304667
12000,0,8.98439,-378.052,0.0433285,0.327
13000,0,8.67858,-380.185,0.436422,0.326286
14000,0,7.09238,-381.321,0.291717,0.394
15000,1,16.1127,-376.364,0.321743,0.276448
16000,0,9.42746,-377.948,0.0703872,0.33
17000,1,15.5982,-374.364,0.76134,0.357
18000,0,8.59572,-377.676,0.0482767,0.254
19000,0,8.56955,-377.492,0.321703,0.248
20000,0,6.31265,-380.057,0.714765,0.307125
21000,1,12.4884,-375.948,2.52081,0.353
22000,0,9.01296,-380.31,0.0387819,0.377
23000,0,9.22466,-378.961,0.270354,0.28
24000,0,6.7241,-379.39,2.72505,0.3124
25000,0,8.6163,-377.71,0.66278,0.304
26000,0,8.66632,-377.552,0.249164,0.259167
27000,0,7.02128,-380.339,0.897474,0.287
28000,0,8.81212,-377.831,0.14032,0.27075
29000,0,9.29893,-377.484,0.197238,0.294
30000,0,8.18273,-378.12,1.02471,0.2685
31000,0,7.97986,-377.596,1.28857,0.256
32000,0,9.23891,-377.451,0.0664032,0.279
33000,0,9.2088,-377.724,0.0524883,0.274333
34000,1,12.9288,-379.308,0.820276,0.275
35000,1,17.1401,-376.115,0.712691,0.368
36000,0,9.12867,-378.946,0.365527,0.276727
37000,0,9.16072,-380.987,0.0417066,0.308
38000,2,22.8393,-381.385,0.67901,0.318833
39000,2,22.3255,-375.135,1.24225,0.362
40000,0,8.45034,-378.011,0.356155,0.334091
41000,2,17.4553,-383.874,1.62643,0.3515
42000,0,7.6224,-378.782,1.05698,0.387833
43000,0,8.38779,-378.802,0.812927,0.329333
44000,1,17.4076,-377.034,0.959326,0.431
45000,0,8.39981,-378.732,0.997292,0.393
46000,0,9.41794,-377.679,0.120826,0.286
47000,0,9.2026,-378.436,0.401857,0.293
48000,2,24.2755,-378.878,1.11008,0.359
49000,0,9.31439,-378.343,0.0980145,0.352125
50000,0,8.13308,-378.125,0.372666,0.3465
51000,0,8.14583,-379.559,0.265569,0.196
52000,0,8.55224,-377.676,0.580128,0.325231
53000,0,8.56546,-377.893,0.101672,0.24625
54000,0,8.71926,-377.592,0.220979,0.234
55000,0,8.13729,-378.735,0.0723039,0.2685
56000,0,8.26203,-378.618,0.251904,0.24
57000,0,8.18838,-378.651,0.435723,0.347
58000,0,8.50866,-379.074,0.0838515,0.283
59000,0,8.83555,-378.022,0.152002,0.201
60000,0,8.20635,-378.416,0.348395,0.217
61000,0,8.70977,-379.106,0.336498,0.244
62000,0,8.45182,-379.36,0.388946,0.2078
63000,0,8.33883,-377.558,0.398058,0.256889
64000,0,8.45701,-380.311,0.61949,0.267
65000,0,9.02005,-377.644,0.403963,0.29025
66000,0,9.08531,-377.731,0.10486,0.244
67000,0,8.93334,-377.49,0.274154,0.368
68000,0,7.02815,-377.748,2.04026,0.351
69000,0,8.66753,-377.528,0.466058,0.32
70000,0,9.13374,-378.126,0.217978,0.282556
71000,1,16.4431,-375.476,1.21055,0.358
72000,1,14.7689,-374.738,0.310131,0.334333
73000,0,8.03359,-379.577,0.504991,0.2697
74000,0,8.95927,-378.245,0.42708,0.313
75000,0,8.22104,-377.452,0.959237,0.26
76000,0,8.27714,-379.216,0.0439515,0.231
77000,1,15.9024,-374.022,0.107294,0.322
78000,0,8.58418,-377.748,0.266645,0.329
79000,0,9.47286,-377.774,0.0361598,0.299
80000,1,14.7799,-374.058,1.30376,0.259143
81000,0,9.245,-377.992,0.152454,0.321
82000,0,8.60258,-378.66,0.544102,0.289
83000,0,8.58346,-377.747,0.285095,0.268091
84000,0,8.15841,-377.536,0.657309,0.245
85000,0,8.8909,-377.859,0.0752313,0.257
86000,1,14.2383,-375.076,2.96161,0.297591
87000,0,8,-377.517,1.53843,0.408
88000,0,7.55971,-378.16,1.00805,0.348333
89000,0,9.48851,-378.216,0.0764457,0.2855
90000,0,9.00344,-378.62,0.472402,0.291
91000,0,7.88385,-377.54,1.36726,0.228
92000,0,9.34115,-377.51,0.143876,0.316
93000,0,9.28981,-377.828,0.165282,0.307
94000,0,9.41026,-377.584,0.00794336,0.275667
95000,0,8.72177,-380.397,0.222785,0.2996
96000,0,8.18053,-379.891,1.08947,0.314
97000,0,8.1856,-380.07,0.0239893,0.253
98000,0,8.30667,-377.55,0.847914,0.255
99000,0,8.07848,-379.809,1.26223,0.294706
100000,0,8.5644,-377.552,0.913843,0.264
101000,0,9.4295,-377.579,0.0630138,0.334
102000,1,17.3814,-374.706,0.485226,0.49
103000,0,9.31284,-377.553,0.214563,0.427
104000,0,9.38706,-377.963,0.050245,0.274
105000,0,9.25509,-378.556,0.19846,0.281
106000,0,9.27137,-379.759,0.0751455,0.317
107000,0,8.5281,-378.904,0.968438,0.347
108000,0,9.15176,-377.678,0.376311,0.2914
109000,0,9.39772,-378.803,0.124402,0.303364
110000,0,9.01445,-379.805,0.111514,0.332909
111000,0,8.74388,-378.31,0.0910583,0.3095
112000,0,8.68962,-378.582,0.816314,0.308
113000,0,8.77091,-378.162,0.508822,0.278667
114000,0,8.52089,-379.927,0.421257,0.328
115000,2,23.3943,-379.092,1.66514,0.315
116000,0,7.63591,-378.554,1.38797,0.2838
117000,0,8.95165,-378.587,0.36368,0.330444
118000,1,15.923,-378.246,1.24193,0.355
119000,1,17.1792,-376.025,0.471754,0.333667
120000,0,9.00228,-378.134,0.433306,0.314
121000,0,8.69342,-378.665,0.680951,0.301
122000,0,7.55708,-378.281,1.15729,0.258
123000,1,16.2443,-379.164,0.499941,0.309
124000,1,17.7415,-374.396,0.115836,0.2995
125000,0,8.07797,-377.959,1.16465,0.288083
126000,0,9.48273,-378.671,0.041995,0.323
127000,0,7.86795,-379.603,0.591944,0.356583
128000,0,9.45247,-378.211,0.0103104,0.33
129000,0,9.44436,-377.593,0.0352735,0.307
130000,0,9.16609,-377.878,0.121934,0.303333
131000,0,8.96304,-377.425,0.0382753,0.268
132000,0,8.98411,-380.815,0.238352,0.31375
133000,0,8.86836,-377.888,0.00537056,0.258
134000,0,8.38914,-377.869,0.449736,0.279
135000,0,8.52678,-378.479,0.439981,0.2715
136000,1,14.9696,-379.504,0.862753,0.281
137000,0,8.60599,-377.472,0.60705,0.28125
138000,0,7.40004,-377.496,1.9979,0.258
139000,0,8.92406,-377.82,0.573873,0.247
140000,0,9.10708,-377.668,0.326104,0.281
141000,0,8.58438,-377.768,0.919635,0.24075
142000,0,7.93272,-377.713,1.23528,0.254833
143000,0,9.4172,-378.511,0.0292482,0.269
144000,0,9.01723,-378.423,0.0200625,0.28
145000,0,8.99643,-378.583,0.390916,0.291
146000,0,9.42788,-377.855,0.0209257,0.33
147000,0,9.33932,-377.634,0.205727,0.285667
148000,0,9.51043,-377.636,0.0729738,0.279
149000,0,9.37799,-377.624,0.139581,0.282
150000,0,9.34444,-377.608,0.155961,0.326
151000,0,9.35085,-378.92,0.181706,0.291
152000,0,8.7283,-377.991,0.241347,0.222
153000,0,8.74248,-377.87,0.418483,0.241
154000,0,8.73914,-379.431,0.102765,0.278125
155000,0,8.45417,-380.141,0.666179,0.253933
156000,0,8.74674,-377.932,0.0752594,0.2385
157000,1,15.3668,-375.296,1.17715,0.27925
158000,0,9.20633,-378.283,0.0162589,0.232333
159000,0,8.73056,-377.506,0.32407,0.286667
160000,0,9.27425,-377.849,0.166131,0.328
161000,0,8.516,-378.138,0.805052,0.423
162000,0,8.7552,-378.286,0.575934,0.304
163000,0,8.80364,-379.387,0.588251,0.351
164000,0,8.00029,-378.324,1.43387,0.274
165000,0,8.26059,-379.241,1.21583,0.266875
166000,0,9.2937,-378.553,0.0980945,0.267
167000,0,8.70267,-378.402,0.567397,0.293
168000,0,6.54624,-378.337,2.71948,0.264
169000,0,8.65887,-378.491,0.582996,0.232
170000,0,9.43777,-378.437,0.0110011,0.27125
171000,0,9.36774,-377.982,0.181391,0.4675
172000,0,9.33043,-378.084,0.107579,0.295385
173000,0,9.49405,-377.64,0.0287345,0.321222
174000,0,9.3057,-380.185,0.264126,0.304
175000,0,9.00861,-380.36,0.314201,0.322
176000,0,8.38407,-377.883,1.11312,0.3205
177000,0,8.26716,-378.426,0.505183,0.312667
178000,0,8.44929,-378.473,0.778597,0.323
179000,0,9.24564,-377.722,0.333505,0.268
180000,0,8.92468,-378.089,0.329885,0.303
181000,0,8.29431,-377.935,0.735629,0.297
182000,0,6.6988,-378.445,2.56612,0.292
183000,0,8.83261,-377.832,0.621852,0.37
184000,0,9.42217,-377.886,0.0279939,0.289444
185000,0,8.84165,-377.7,0.377044,0.258111
186000,0,8.48952,-378.647,0.970885,0.2685
187000,0,9.03851,-377.683,0.353385,0.347
188000,0,8.6369,-377.999,0.735584,0.275
189000,0,8.58122,-377.78,0.392603,0.256
190000,0,8.15092,-378.063,1.31053,0.2947
191000,0,8.43204,-377.971,1.09461,0.375
192000,0,9.25659,-378.435,0.153798,0.328444
193000,0,8.45546,-377.93,0.735232,0.3065
194000,0,8.50268,-377.705,0.728453,0.373
195000,0,9.2523,-377.826,0.0756111,0.312667
196000,0,7.55125,-378.398,1.29052,0.286
197000,0,8.02618,-378.268,0.130867,0.232333
198000,1,14.4371,-378.297,2.26267,0.310429
199000,0,8.14858,-377.501,1.06288,0.261
200000,0,7.58448,-378.372,1.3351,0.223
201000,1,13.298,-376.137,1.21512,0.294
202000,0,8.9164,-377.441,0.447115,0.376667
203000,1,14.2947,-377.362,1.78143,0.414
204000,0,8.13746,-378.44,0.196056,0.301333
205000,0,7.13138,-378.408,0.989435,0.238
206000,0,9.0601,-378.096,0.352121,0.296833
207000,2,20.5026,-376.4,2.71265,0.421
208000,0,9.0836,-379.066,0.188372,0.319
209000,1,18.3704,-374.221,0.451389,0.319
210000,0,7.5046,-377.775,2.01734,0.373
211000,0,8.98558,-381.681,0.277548,0.411
212000,0,7.86509,-380.211,1.51034,0.267
213000,0,9.21679,-379.456,0.0150489,0.292429
214000,0,8.28422,-379.464,0.819238,0.316222
215000,0,9.02894,-377.474,0.334177,0.295
216000,0,9.37576,-378.375,0.0838575,0.310692
217000,0,8.42249,-377.688,0.574775,0.3065
218000,0,9.22285,-378.145,0.301585,0.333
219000,0,8.40514,-379.441,0.942976,0.315167
220000,0,9.3166,-377.461,0.049882,0.292
221000,0,9.03509,-378.144,0.139633,0.285
222000,0,9.02024,-378.033,0.0822848,0.252
223000,0,8.58917,-379.572,0.0651771,0.381
224000,0,9.06347,-377.477,0.234719,0.33375
225000,1,12.6544,-375.226,1.37376,0.292
226000,0,8.68382,-377.642,0.222531,0.322
227000,0,8.41579,-379.245,0.236359,0.291429
228000,0,8.47875,-378.455,0.121455,0.26
229000,0,8.37789,-379.156,0.198132,0.251
230000,0,6.89543,-379.906,1.32328,0.231667
231000,0,8.21753,-377.806,0.590304,0.2344
232000,0,7.56865,-377.771,1.31969,0.242
233000,1,17.437,-375.988,0.498478,0.304
234000,0,8.61157,-377.874,0.0716859,0.524
235000,0,7.75168,-378.159,0.600447,0.214
236000,0,7.85363,-378.194,0.525177,0.217
237000,0,7.60795,-379.011,0.192224,0.238
238000,0,8.78682,-377.859,0.727263,0.325833
239000,0,9.33097,-378.659,0.211479,0.315
240000,1,17.5719,-374.968,0.631439,0.389
241000,4,37.6241,-377.039,2.45014,0.581
242000,2,26.4562,-380.653,1.03814,0.457
243000,0,8.65996,-378.105,0.801442,0.385
244000,0,8.3633,-378.924,1.0312,0.276
245000,0,9.04416,-377.682,0.526429,0.275
246000,1,17.0365,-380.244,1.57515,0.359
247000,0,9.13421,-379.9,0.161942,0.317
248000,1,16.3039,-374.732,0.854791,0.384
249000,0,9.3697,-377.82,0.107291,0.267
250000,0,8.96918,-377.69,0.609467,0.369
251000,0,9.09222,-377.993,0.139477,0.308
252000,0,8.25808,-379.706,0.0350671,0.247467
253000,0,8.36883,-378.328,0.553229,0.212
254000,0,8.67754,-378.413,0.382511,0.241
255000,0,8.128,-377.967,0.832101,0.288
256000,0,8.89443,-378.657,0.104676,0.318763
257000,0,7.88591,-379.25,0.475285,0.260462
258000,1,17.282,-373.847,0.289761,0.287
259000,0,8.9521,-377.727,0.143336,0.262667
260000,0,8.33816,-381.405,0.295585,0.2425
261000,1,14.771,-379.549,1.01961,0.287
262000,0,8.31651,-378.256,0.276507,0.255857
263000,0,8.86414,-378.273,0.232329,0.310167
264000,0,9.37042,-377.784,0.0247642,0.307667
265000,0,8.33763,-378.42,0.925853,0.283
266000,0,8.5076,-378.212,0.17936,0.22
267000,0,9.50409,-378.318,0.0448335,0.3065
268000,0,9.34425,-378.537,0.0891429,0.268
269000,0,9.15994,-379.367,0.301244,0.335
270000,0,9.02466,-379.925,0.0483279,0.292833
271000,0,8.96472,-378.179,0.455304,0.296
272000,0,9.41391,-377.784,0.142425,0.302462
273000,1,16.7995,-375.694,0.934659,0.36
274000,1,14.976,-375.276,0.556773,0.5
275000,3,27.4997,-379.114,2.22646,0.484
276000,0,7.2805,-378.669,1.83184,0.404
277000,0,9.02315,-378.374,0.423254,0.392625
278000,0,9.4472,-380.052,0.163478,0.3245
279000,0,6.91459,-377.974,1.91747,0.357625
280000,0,8.24808,-377.604,0.766048,0.269
281000,0,8.98018,-378.459,0.367457,0.27
282000,0,9.07065,-377.456,0.0964279,0.334933
283000,0,8.69299,-378.518,0.0982732,0.286
284000,0,8.61223,-380.493,0.260012,0.2655
285000,0,8.00348,-378.992,0.0869306,0.242
286000,0,6.62344,-381.07,1.79944,0.2385
287000,0,8.25824,-378.206,0.745537,0.173
288000,1,16.8635,-375.91,1.18044,0.256
289000,0,8.84097,-377.891,0.570821,0.297083
290000,0,8.84369,-378.755,0.364863,0.234
291000,0,9.21934,-378.104,0.111813,0.42225
292000,0,9.5211,-377.837,0.00569523,0.311
293000,1,16.0898,-378.352,1.16494,0.436
294000,0,8.26887,-378.27,0.544301,0.303
295000,0,8.96161,-378.11,0.0307752,0.352143
296000,0,8.6735,-377.539,0.370789,0.2275
297000,1,15.4437,-377.95,0.802409,0.414
298000,0,7.07843,-378.634,1.56537,0.237
299000,0,8.3005,-378.116,0.445527,0.38
300000,0,8.9512,-377.904,0.507653,0.306667
301000,1,6.84398,-380.735,1.20931,0.2445
302000,0,8.39535,-379.253,0.460255,0.302
303000,0,8.41901,-377.865,0.477339,0.323
304000,0,8.26367,-378.533,0.986713,0.316714
305000,0,8.20721,-378.482,0.550197,0.306917
306000,0,8.50792,-378.097,0.70966,0.2815
307000,0,8.91503,-378.661,0.210086,0.248
308000,0,8.61364,-378.075,0.0381662,0.2354
309000,1,15.6084,-378.543,0.345451,0.280444
310000,0,7.22432,-379.981,0.307987,0.2495
311000,0,7.90917,-379.087,0.133443,0.19
312000,1,14.8723,-376.466,1.26191,0.388
313000,1,17.2302,-375.767,1.42554,0.333333
314000,1,16.8914,-376.209,1.48807,0.316
315000,0,7.22865,-379.054,1.82469,0.409
316000,0,8.67623,-377.62,0.557341,0.2865
317000,0,8.12131,-378.458,0.315109,0.272
318000,0,8.64082,-379.347,0.0426712,0.23
319000,0,8.84492,-377.538,0.231227,0.3219
320000,0,8.46412,-377.883,0.556173,0.376
321000,1,15.4791,-374.361,1.29022,0.315167
322000,0,8.16154,-380.87,0.465108,0.283
323000,0,7.8085,-379.444,0.811735,0.281
324000,0,7.90921,-378.36,1.12028,0.208
325000,1,16.1648,-374.607,0.950339,0.29305
326000,0,8.37944,-378.229,0.816587,0.268
327000,0,8.91507,-379.319,0.432618,0.297889
328000,0,8.45143,-378.977,1.1015,0.30825
329000,0,9.11019,-378.531,0.273201,0.345
330000,0,8.20927,-378.353,0.966846,0.2715
331000,1,12.4996,-375.712,0.741049,0.289
332000,0,8.55091,-378.127,0.00832578,0.2763
333000,1,15.9414,-380.419,0.554645,0.253
334000,0,8.33931,-377.515,0.599357,0.301
335000,0,9.12458,-378.892,0.194907,0.219
336000,0,9.05258,-377.531,0.346461,0.3232
337000,0,8.96005,-378.422,0.0170901,0.272909
338000,0,9.06278,-379.267,0.111813,0.379
339000,0,9.1302,-377.635,0.247963,0.27475
340000,0,9.13558,-379.89,0.173764,0.289
341000,1,12.8016,-375.015,1.39901,0.453
342000,0,9.04583,-377.862,0.396435,0.511
343000,0,7.13832,-379.046,1.33101,0.307857
344000,0,9.20753,-379.631,0.078702,0.295267
345000,0,7.95306,-378.598,0.00818339,0.286
346000,1,16.009,-377.754,0.332295,0.323
347000,0,9.37632,-381.303,0.00696875,0.289778
348000,0,8.39989,-379.971,0.731486,0.294
349000,1,16.0147,-379.075,1.04815,0.339
350000,0,9.35604,-377.95,0.0121082,0.366
351000,0,8.86165,-377.719,0.0858281,0.31375
352000,0,9.16391,-379.594,0.0356282,0.285
353000,0,9.15725,-377.602,0.174586,0.281
354000,0,9.16464,-377.508,0.235161,0.283273
355000,0,8.16873,-378.585,0.969286,0.252
356000,0,8.81942,-379.409,0.0168902,0.313417
357000,0,8.94084,-381.461,0.13408,0.296
358000,0,8.49822,-377.877,0.799611,0.2825
359000,0,7.79885,-380.333,0.132719,0.24675
360000,0,5.44823,-377.711,3.17966,0.205
361000,0,7.03223,-377.946,1.45792,0.251
362000,0,7.61387,-379.277,0.148812,0.2845
363000,0,9.12438,-381.605,0.182649,0.396
364000,0,8.80315,-379.103,0.69597,0.303286
365000,0,7.15161,-380.214,0.577374,0.311
366000,0,8.83647,-378.111,0.436401,0.258
367000,0,9.19202,-379.406,0.275796,0.278
368000,0,8.0982,-379.155,0.316448,0.220714
369000,0,6.41731,-378.857,0.138039,0.2918
370000,0,7.94533,-378.334,1.57459,0.272
371000,0,9.12016,-378.368,0.146926,0.299
372000,0,8.80968,-377.572,0.370598,0.32
373000,0,9.05903,-378.793,0.12349,0.255
374000,0,8.81606,-377.581,0.706453,0.252
375000,0,8.76065,-378.31,0.517924,0.363
376000,2,26.3806,-376.242,1.24639,0.512
377000,0,9.40524,-378.867,0.0825886,0.341
378000,0,8.77109,-378.051,0.356993,0.289115
379000,0,8.64699,-377.477,0.284498,0.247
380000,0,8.38015,-379.881,0.703551,0.243667
381000,1,15.7369,-374.805,0.574017,0.434
382000,0,8.66771,-378.029,0.101223,0.306
383000,0,9.11407,-380.262,0.0713762,0.261
384000,0,8.69777,-377.694,0.115796,0.242
385000,0,9.24228,-377.59,0.122975,0.252706
386000,0,9.16352,-377.456,0.0829663,0.277474
387000,0,8.11454,-378.618,1.10151,0.288
388000,0,8.79804,-378.72,0.420373,0.252
389000,0,8.53003,-377.603,0.751578,0.221
390000,0,9.16686,-377.624,0.244215,0.299
391000,0,8.84161,-379.671,0.638869,0.292714
392000,0,9.44451,-378.083,0.02231,0.351
393000,0,9.53722,-377.613,0.00346609,0.353
394000,0,8.62946,-378.191,0.827215,0.283067
395000,0,8.4107,-377.82,0.483078,0.257
396000,0,7.47039,-378.936,1.11786,0.249
397000,0,8.7744,-378.431,0.0486203,0.246
398000,0,8.62393,-377.822,0.217132,0.244667
399000,0,8.94994,-377.775,0.20296,0.270667
400000,0,8.63244,-377.784,0.550379,0.281714
401000,0,9.19941,-377.624,0.111766,0.284
402000,0,8.91166,-377.606,0.448276,0.266
403000,0,9.08324,-377.829,0.212165,0.225
404000,1,17.7738,-378.618,0.0881476,0.277571
405000,0,8.50585,-377.813,0.62523,0.312
406000,0,8.70633,-377.628,0.683652,0.291
407000,0,7.30721,-380.597,0.972759,0.261556
408000,0,8.74536,-379.73,0.0635032,0.258333
409000,0,9.07979,-378.424,0.201641,0.255833
410000,0,8.99363,-377.97,0.0735351,0.274
411000,0,9.2765,-378.024,0.286873,0.296
412000,0,8.30728,-379.269,1.06444,0.266
413000,1,16.2453,-380.756,0.368429,0.304
414000,0,9.12118,-378.352,0.00823589,0.348
415000,0,9.47776,-377.778,0.034659,0.333
416000,0,8.96837,-379.085,0.387453,0.298
417000,0,8.60253,-379.626,0.794571,0.312
418000,0,8.24193,-378.727,0.0776943,0.264273
419000,0,8.17956,-378.112,0.0870432,0.245444
420000,0,7.84862,-378.902,0.343057,0.209
421000,1,15.8348,-381.524,0.453715,0.262
422000,0,9.01258,-377.909,0.0467739,0.283687
423000,0,8.32771,-381.113,0.0277238,0.331
424000,0,8.38319,-379.059,0.216106,0.222
425000,0,7.07717,-378.163,2.09567,0.241
426000,0,8.55151,-378.199,0.372966,0.2698
427000,0,9.41125,-377.807,0.0823672,0.2962
428000,0,9.19991,-378.233,0.1953,0.331
429000,0,8.61204,-377.601,0.754969,0.316
430000,0,7.56304,-378.343,1.23589,0.238
431000,0,7.20002,-377.978,1.42009,0.279
432000,1,15.3252,-377.508,1.98047,0.257
433000,1,15.2326,-375.366,1.42198,0.277625
434000,0,8.84094,-378.295,0.318672,0.2735
435000,0,8.8275,-377.444,0.293016,0.218
436000,0,8.50788,-378.569,0.349235,0.267667
437000,0,8.57321,-377.518,0.675454,0.273
438000,0,8.63664,-379.032,0.342453,0.279
439000,0,8.91677,-378.05,0.498821,0.243
440000,0,9.28415,-377.424,0.0200669,0.314
441000,0,8.66751,-378.802,0.768677,0.261
442000,0,9.21735,-377.72,0.157278,0.351
443000,0,7.94173,-378.257,0.47678,0.2915
444000,0,8.75503,-379.297,0.0333736,0.216
445000,0,8.81567,-377.986,0.394692,0.250077
446000,0,8.2432,-378.874,1.02304,0.293
447000,0,9.2152,-377.49,0.238106,0.263148
448000,0,8.01752,-378.59,0.00506709,0.22325
449000,0,7.7076,-378.735,0.561945,0.213
450000,0,8.94326,-377.64,0.356816,0.255375
451000,0,9.06489,-377.769,0.377055,0.31625
452000,0,7.88652,-380.646,0.562946,0.233333
453000,0,8.38719,-379.394,0.278619,0.281667
454000,0,9.15761,-377.415,0.126037,0.29175
455000,0,9.06173,-377.513,0.235567,0.246
456000,0,8.19193,-378.238,0.27315,0.229333
457000,1,17.7024,-377.987,0.279803,0.2324
458000,0,7.43941,-377.421,1.6117,0.282
459000,0,9.34819,-377.794,0.0521783,0.27675
460000,0,8.73743,-377.776,0.673746,0.273
461000,0,7.64565,-378.162,1.70084,0.259
462000,0,8.67064,-378.087,0.00750814,0.259
463000,1,17.4343,-379.272,1.02817,0.478
464000,0,8.61901,-377.731,0.444696,0.241
465000,0,8.90554,-377.447,0.493708,0.255
466000,0,9.33869,-377.705,0.161945,0.309
467000,0,8.47974,-377.741,0.661697,0.288
468000,1,11.47,-377.998,1.85667,0.257
469000,0,8.90858,-377.627,0.295966,0.241
470000,0,6.67665,-378.659,1.42825,0.277
471000,0,7.2829,-379.988,0.263096,0.176
472000,0,7.56249,-380.147,0.175997,0.207
473000,0,8.96737,-377.865,0.561928,0.284455
474000,0,9.57404,-377.812,0.00312921,0.285
475000,0,8.91879,-378.136,0.27777,0.294333
476000,0,8.38113,-378.488,1.05108,0.226
477000,0,9.13665,-379.221,0.0732732,0.286
478000,1,15.7133,-375.588,1.52283,0.26325
479000,1,16.2798,-375.562,0.720932,0.292714
480000,2,21.2839,-376.284,1.73421,0.4055
481000,0,8.715,-379.498,0.635944,0.414
482000,0,8.86485,-377.427,0.486629,0.406333
483000,0,8.81909,-378.888,0.456703,0.2765
484000,0,9.05826,-379.324,0.228789,0.236
485000,0,8.8671,-377.664,0.689144,0.311125
486000,1,14.3289,-379.679,0.703545,0.3115
487000,0,8.4857,-379.604,0.289727,0.2572
488000,1,16.5973,-374.318,0.8118,0.278737
489000,0,8.33941,-377.554,1.146,0.351
490000,0,8.96014,-377.941,0.472231,0.3328
491000,0,9.17592,-377.643,0.300876,0.287
492000,0,9.05977,-378.051,0.424333,0.273
493000,0,9.25225,-377.454,0.12029,0.382
494000,0,9.30816,-377.593,0.223323,0.29
495000,0,8.87916,-377.454,0.252566,0.299375
496000,0,8.65994,-378.212,0.601454,0.314667
497000,0,8.78811,-378.166,0.243279,0.252
498000,0,9.35974,-378.026,0.112781,0.2945
499000,1,17.0303,-383.765,0.764549,0.297
500000,1,16.6032,-381.656,0.357946,0.2872
501000,0,9.08307,-377.961,0.167939,0.296
502000,0,8.77723,-377.674,0.310846,0.224
503000,0,9.27455,-379.268,0.033539,0.292
504000,0,9.5959,-378.14,0.00151443,0.322
505000,0,8.38098,-377.572,1.08666,0.308714
506000,0,8.65157,-382.291,0.514194,0.2795
507000,0,8.26028,-377.938,1.0514,0.458
508000,0,8.94094,-378.119,0.016357,0.433
509000,0,8.68675,-377.82,0.770043,0.35425
510000,2,22.8754,-380.953,1.37576,0.322625
511000,0,8.52901,-377.554,0.804737,0.388
512000,1,14.8079,-379.814,1.7617,0.309
513000,0,8.66987,-378.725,0.323148,0.29925
514000,0,9.02557,-377.546,0.340395,0.236
515000,0,8.02021,-379.014,0.654006,0.237857
516000,0,8.60491,-378.77,0.232608,0.281
517000,0,8.02638,-377.806,1.25912,0.279462
518000,0,9.21338,-379.555,0.0945653,0.262
519000,0,8.71938,-377.662,0.603969,0.288
520000,0,8.69412,-377.652,0.133576,0.368
521000,0,8.95505,-377.985,0.0595297,0.283556
522000,0,8.77222,-377.925,0.443388,0.275
523000,0,8.02294,-379.398,0.234438,0.3452
524000,0,9.22302,-377.495,0.147173,0.2475
525000,0,9.43906,-378.352,0.0435941,0.288
526000,1,16.4855,-374.39,0.714792,0.419
527000,0,8.70441,-377.746,0.790667,0.32
528000,1,17.6659,-375.268,0.73911,0.288375
529000,0,9.22155,-377.654,0.0670656,0.273
530000,1,16.6806,-379.683,1.66603,0.291
531000,0,8.61933,-377.415,0.498734,0.353
532000,0,9.0861,-377.875,0.201148,0.271
533000,0,8.85905,-377.86,0.449763,0.32375
534000,0,6.58061,-377.704,2.54525,0.308
535000,1,12.3065,-375.575,0.541972,0.377
536000,1,15.5943,-380.608,0.478411,0.497
537000,0,8.24254,-379.766,0.353013,0.272
538000,0,8.91233,-378.266,0.676792,0.34825
539000,0,8.87327,-377.544,0.519987,0.333
540000,0,8.69985,-377.649,0.0668625,0.314923
541000,1,15.4386,-374.511,0.214347,0.266
542000,0,8.69199,-377.738,0.168948,0.323
543000,0,8.2603,-379.576,0.02375,0.309
544000,0,9.22042,-378.008,0.157767,0.299333
545000,1,14.7255,-378.85,1.59738,0.409
546000,0,7.65753,-379.397,1.24609,0.28
547000,0,9.03527,-378.654,0.0947945,0.259
548000,0,8.75828,-378.496,0.192215,0.3402
549000,0,8.72548,-377.547,0.258154,0.291
550000,0,7.41785,-379.471,1.20792,0.289
551000,0,8.63786,-378.565,0.179819,0.319583
552000,0,8.47432,-377.438,0.508186,0.265
553000,1,16.2644,-379.288,1.66534,0.271
554000,0,7.75133,-377.539,1.01381,0.315
555000,0,8.7915,-377.981,0.00271009,0.317
556000,0,8.80493,-377.857,0.209814,0.28025
557000,0,8.93342,-377.912,0.0400094,0.249
558000,0,8.41241,-378.907,0.354922,0.307333
559000,0,8.59957,-377.636,0.644928,0.273667
560000,1,16.0498,-380.039,0.948189,0.336
561000,0,8.33602,-379.333,0.331514,0.339
562000,0,8.23753,-379.5,0.462625,0.22
563000,0,4.67248,-380.797,3.74653,0.181
564000,2,23.7456,-381.967,0.314944,0.270833
565000,0,9.00438,-377.856,0.297452,0.312
566000,0,8.14638,-379.065,0.00196238,0.3225
567000,0,7.66385,-378.797,0.556097,0.226
568000,0,8.53209,-377.904,0.435595,0.289667
569000,0,8.6854,-379.392,0.353721,0.286524
570000,0,8.33159,-378.805,0.561424,0.243
571000,0,8.87368,-379.656,0.0781001,0.22
572000,0,6.82552,-380.885,1.72361,0.2654
573000,0,9.48585,-377.793,0.0471194,0.278
574000,0,9.28612,-377.617,0.28294,0.307
575000,0,9.1647,-377.986,0.24716,0.26
576000,0,8.98198,-378.786,0.464413,0.3465
577000,1,15.8746,-374.775,2.71837,0.2668
578000,0,8.61867,-377.923,0.376592,0.323333
579000,0,8.89724,-378.069,0.216406,0.218
580000,0,8.43675,-378.049,0.70688,0.286
581000,0,9.1894,-377.618,0.115551,0.298
582000,0,8.20755,-377.866,0.463714,0.2366
583000,0,9.41759,-381.196,0.0236161,0.266
584000,0,9.01427,-380.989,0.447342,0.24
585000,0,8.69701,-378.028,0.450942,0.24
586000,0,8.39974,-377.97,0.395289,0.2305
587000,0,8.10763,-380.855,0.990376,0.319
588000,0,9.27721,-379.388,0.169616,0.275
589000,0,8.73344,-377.433,0.270582,0.260211
590000,0,9.44881,-377.976,0.140832,0.397
591000,0,9.16938,-379.427,0.0577038,0.27
592000,2,24.2124,-376.859,0.444322,0.36
593000,0,8.35349,-378.909,0.442909,0.381
594000,1,17.4662,-374.331,0.60323,0.279833
595000,0,9.33322,-377.88,0.222066,0.311
596000,0,8.97923,-378.631,0.116519,0.239667
597000,0,8.56829,-378.213,0.691231,0.253
598000,0,8.40124,-378.463,0.667418,0.267769
599000,0,9.0084,-377.506,0.266949,0.265
600000,0,9.03377,-378.911,0.479671,0.291444
601000,0,8.05178,-380.182,0.619761,0.27275
602000,0,8.08469,-379.964,0.523502,0.272
603000,0,7.90595,-377.662,0.780077,0.24
604000,0,7.52554,-377.66,1.14111,0.261
605000,0,9.11369,-378.213,0.0902415,0.265
606000,0,8.29756,-378.052,0.491285,0.29
607000,0,8.80663,-378.684,0.189621,0.244
608000,0,7.52562,-378.461,0.910688,0.297385
609000,0,8.01533,-377.819,0.791857,0.274889
610000,0,9.17996,-378.247,0.163423,0.263
611000,0,9.22478,-379.257,0.0693823,0.305
612000,0,9.29966,-377.528,0.185062,0.289
613000,0,8.29735,-378.539,0.29845,0.276833
614000,0,9.06747,-378.902,0.111225,0.27
615000,0,9.43471,-377.757,0.00343499,0.306
616000,0,8.4523,-379.294,0.693202,0.265667
617000,0,8.4295,-378.662,0.237215,0.2654
618000,0,8.35809,-377.949,0.365828,0.419
619000,0,8.64682,-377.765,0.0122476,0.233
620000,0,8.12586,-378.426,0.578742,0.253
621000,1,16.266,-376.935,0.330421,0.255
622000,1,13.8162,-375.214,2.66266,0.439
623000,0,8.94067,-377.489,0.128786,0.352
624000,1,17.5627,-374.304,0.608152,0.329375
625000,1,17.4117,-374.339,0.410148,0.276846
626000,1,15.8005,-376.022,0.644196,0.319273
627000,1,16.4191,-374.381,1.32793,0.387
628000,0,9.3867,-377.839,0.0339356,0.34525
629000,0,9.44724,-378.407,0.0956639,0.3125
630000,2,24.088,-374.867,1.65175,0.45
631000,0,9.04119,-377.828,0.533573,0.488
632000,0,9.00796,-378.385,0.52249,0.349
633000,1,12.3036,-375.688,2.8508,0.3177
634000,0,7.81,-379.145,0.264488,0.196
635000,0,7.32586,-379.71,0.553205,0.2835
636000,0,8.45347,-378.527,0.280603,0.222
637000,1,14.5319,-376.108,1.06974,0.300889
638000,1,6.89174,-376.239,2.45793,0.444
639000,1,8.87708,-374.009,1.07248,0.302714
640000,0,8.85932,-377.554,0.00807128,0.2605
641000,0,8.26943,-378.24,0.0855366,0.3066
642000,2,24.8832,-380.565,1.22917,0.27
643000,0,8.30543,-380.535,0.000265948,0.342
644000,0,8.29801,-378.157,0.314294,0.204
645000,2,24.0428,-378.922,1.05482,0.437
646000,0,8.98633,-377.862,0.313948,0.302625
647000,0,7.85488,-377.56,1.48558,0.247
648000,0,7.44516,-377.48,1.4768,0.278111
649000,0,8.1173,-378.897,0.246764,0.179
650000,0,8.57788,-378.32,0.910858,0.2852
651000,0,7.90801,-379.98,0.207497,0.235
652000,2,23.8736,-376.658,2.03099,0.4005
653000,0,8.74525,-377.794,0.10811,0.306
654000,0,8.88893,-377.606,0.209355,0.314333
655000,0,8.52421,-381.491,0.229334,0.228
656000,0,8.32294,-377.505,1.08356,0.248
657000,1,17.4589,-378.336,0.0839332,0.2856
658000,0,9.414,-378.267,0.0066212,0.297
659000,0,9.31443,-377.42,0.00536836,0.269
660000,0,9.42534,-377.993,0.0382316,0.347667
661000,0,8.62073,-377.734,0.902736,0.445
662000,1,18.2153,-379.943,0.281967,0.342333
663000,0,9.2268,-379.574,0.257338,0.3354
664000,0,9.17535,-377.54,0.281476,0.354
665000,0,9.29489,-378.283,0.0919266,0.411
666000,1,14.1106,-374.493,1.99799,0.271
667000,0,9.19994,-378.812,0.072967,0.3284
668000,0,8.71715,-378.034,0.364105,0.236
669000,0,9.23654,-378.024,0.0895966,0.2966
670000,0,9.07375,-377.414,0.169317,0.268
671000,1,13.5956,-379.755,2.24796,0.294
672000,0,8.86882,-378.294,0.0246702,0.245333
673000,0,8.05345,-378.946,0.689639,0.242
674000,0,9.31678,-379.254,0.119393,0.289
675000,0,7.97028,-378.265,1.52637,0.284
676000,1,16.1719,-380.36,2.59114,0.310533
677000,0,9.31191,-377.528,0.122108,0.287333
678000,0,9.43425,-377.78,0.0620252,0.277
679000,0,9.24244,-377.661,0.237103,0.29975
680000,0,9.14599,-378.875,0.480102,0.291
681000,0,9.28853,-379.171,0.0484836,0.287
682000,0,8.94961,-379.16,0.642753,0.293333
683000,0,9.1738,-377.617,0.360119,0.3345
684000,0,7.47204,-378.13,0.81509,0.299375
685000,0,9.12202,-379.658,0.048189,0.3
686000,0,9.38586,-378.236,0.0312943,0.307
687000,0,9.18668,-378.765,0.115473,0.306
688000,0,9.14646,-377.895,0.265788,0.3005
689000,0,8.9851,-377.592,0.00710455,0.304
690000,0,7.3986,-381.728,1.09739,0.266
691000,0,9.23083,-377.96,0.0964057,0.307
692000,1,17.941,-378.803,0.126724,0.2828
693000,0,8.79018,-379.828,0.605878,0.321
694000,0,8.42738,-379.075,0.559618,0.2915
695000,0,7.98812,-387.651,1.19895,0.305667
696000,0,8.6104,-379.401,0.534828,0.304
697000,0,8.80967,-380.021,0.209048,0.288
698000,0,7.83673,-377.83,1.4926,0.284
699000,0,6.84963,-377.725,2.32222,0.270333
700000,0,8.5109,-379.106,0.522494,0.257
701000,0,7.9428,-378.889,1.39575,0.362333
702000,0,8.68227,-379.96,0.392277,0.223
703000,0,9.19996,-380.425,0.066888,0.255
704000,0,9.17423,-378.39,0.0837943,0.312364
705000,0,8.72528,-378.381,0.47708,0.3075
706000,0,9.04871,-378.952,0.104015,0.336
707000,0,8.7316,-378.768,0.573114,0.33
708000,0,9.11645,-377.588,0.054585,0.297875
709000,0,9.19427,-377.449,0.0322197,0.278
710000,0,9.32046,-379.032,0.046351,0.289875
711000,0,8.60705,-378.918,0.700522,0.3098
712000,2,23.608,-377.207,2.02646,0.3254
713000,0,9.40245,-377.88,0.0531428,0.26625
714000,1,16.5834,-375.089,0.0231859,0.407
715000,0,8.4235,-378.796,1.16313,0.44
716000,1,17.1294,-377.634,1.49919,0.3382
717000,0,7.9358,-378.901,1.44523,0.285
718000,1,16.4311,-380.194,0.503784,0.337
719000,1,18.0095,-378.657,0.525102,0.458
720000,1,16.6901,-375.24,1.08798,0.2866
721000,0,8.6975,-377.764,0.822801,0.324273
722000,0,8.97863,-378.549,0.333515,0.352
723000,1,17.8362,-379.898,0.13029,0.324
724000,0,8.13523,-378.224,0.419691,0.3402
725000,0,9.54992,-377.731,0.0310653,0.301
726000,0,9.06897,-377.986,0.517464,0.35
727000,0,9.36745,-378.127,0.0858734,0.297
728000,0,9.42933,-378.18,0.0395826,0.336571
729000,0,9.3787,-378.136,0.132781,0.356
730000,0,7.84536,-378.393,1.62017,0.306
731000,0,9.50397,-377.721,0.000880422,0.325
732000,0,9.296,-378.265,0.328393,0.2952
733000,0,9.20594,-378.064,0.227676,0.293
734000,1,17.828,-380.835,0.419174,0.274
735000,0,7.91346,-378.86,0.595166,0.305417
736000,0,8.34242,-378.447,0.396334,0.3114
737000,0,8.20245,-379.367,0.243426,0.309
738000,0,7.08555,-378.461,2.33602,0.35275
739000,0,8.15011,-378.903,0.218532,0.35425
740000,0,7.96617,-377.971,1.3551,0.327
741000,0,8.75227,-380.205,0.834347,0.285667
742000,0,7.7583,-377.961,1.14008,0.314
743000,0,7.82654,-379.848,0.931799,0.274
744000,0,6.43824,-378.196,0.560935,0.38
745000,0,8.53194,-378.172,0.0858126,0.3134
746000,0,8.04748,-379.067,0.0290785,0.3745
747000,0,9.12426,-377.672,0.398933,0.31
748000,0,8.94935,-378.781,0.443838,0.353667
749000,0,9.12937,-378.003,0.26288,0.333
750000,1,16.9819,-374.212,0.818207,0.431
751000,2,26.0608,-375.215,0.787556,0.483
752000,1,16.9718,-375.974,0.831783,0.476
753000,0,8.45162,-378.193,0.267691,0.298
754000,0,8.62909,-378.244,0.154218,0.237
755000,0,7.73195,-378.262,1.00906,0.197
756000,0,8.75212,-378.975,0.200108,0.271
757000,0,7.55817,-379.461,0.486829,0.26
758000,0,9.01123,-377.858,0.0246093,0.283273
759000,0,8.06063,-378.072,0.341665,0.289364
760000,0,7.98047,-377.584,1.01675,0.2565
761000,0,7.13041,-378.634,1.21545,0.316512
762000,0,8.96338,-377.715,0.082531,0.3075
763000,2,23.8049,-379.891,1.88568,0.30075
764000,1,16.001,-376.243,1.23327,0.32
765000,0,8.6153,-379.147,0.507715,0.386
766000,0,8.03533,-379.066,0.111207,0.186
767000,0,8.00923,-378.657,0.0280839,0.195
768000,0,8.62957,-377.841,0.399103,0.233
769000,0,9.00643,-377.566,0.0352591,0.248
770000,0,7.90911,-378.079,1.6153,0.307
771000,0,9.18221,-378.499,0.217322,0.2826
772000,0,9.08269,-377.65,0.279406,0.316
773000,0,7.70499,-377.914,1.48262,0.233
774000,0,8.71877,-378.979,0.499348,0.281
775000,0,9.30849,-378.153,0.0599047,0.318
776000,0,8.532,-378.425,0.810535,0.226
777000,1,14.7643,-375.337,1.51588,0.349
778000,1,14.7999,-374.156,0.56745,0.47
779000,0,8.98387,-377.783,0.392866,0.273
780000,0,8.53253,-377.748,0.0909592,0.254522
781000,0,8.44747,-378.321,0.836617,0.2465
782000,0,7.97809,-378.529,0.601262,0.263
783000,0,8.50441,-378.618,0.760959,0.267762
784000,0,9.24553,-377.913,0.0606862,0.275333
785000,0,9.01862,-377.784,0.344617,0.3365
786000,0,8.51621,-379.405,0.623833,0.34
787000,0,8.65025,-378.417,0.189104,0.325
788000,1,12.0513,-375.13,3.03282,0.334333
789000,0,8.76388,-377.525,0.42737,0.269105
790000,0,7.73405,-378.721,0.419639,0.217
791000,0,7.17168,-378.524,0.986522,0.22
792000,0,8.80001,-377.752,0.266726,0.2596
793000,2,23.6715,-374.987,2.3412,0.412
794000,1,15.66,-378.003,1.05853,0.3118
795000,0,8.78663,-378.128,0.433705,0.3165
796000,0,8.61239,-378.059,0.91431,0.268
797000,0,9.26158,-379.417,0.213278,0.331
798000,1,15.3596,-377.299,1.30946,0.279
799000,0,9.35867,-380.428,0.012864,0.325
800000,0,8.48724,-377.705,0.160906,0.274333
801000,1,16.2738,-376.231,0.56304,0.343
802000,0,8.58649,-377.89,0.0913692,0.324286
803000,0,8.13192,-378.088,0.746802,0.256
804000,0,8.44724,-377.543,0.431195,0.214667
805000,0,8.5034,-377.672,0.130342,0.271889
806000,0,8.98642,-377.651,0.00849119,0.226
807000,0,6.9003,-378.374,1.50813,0.2195
808000,0,8.32688,-377.49,0.579786,0.237
809000,0,8.68874,-377.632,0.12231,0.238
810000,0,8.18895,-378.106,0.699573,0.231429
811000,0,8.79913,-378.778,0.334088,0.345
812000,0,8.66028,-378.358,0.712468,0.247
813000,0,8.88613,-378.156,0.540912,0.2995
814000,0,9.0704,-379.208,0.0633222,0.2268
815000,0,8.57922,-379.689,1.01135,0.305
816000,0,7.82813,-377.634,0.912938,0.227
817000,0,9.10132,-378.353,0.255434,0.282333
818000,0,8.45578,-380.082,0.916287,0.2994
819000,0,8.56132,-377.581,0.430057,0.265
820000,0,8.69648,-378.286,0.136383,0.287
821000,0,8.57602,-378.499,0.288626,0.233
822000,0,9.00401,-380.629,0.0354286,0.2606
823000,0,8.64552,-377.984,0.585546,0.286
824000,0,9.28266,-377.62,0.0916527,0.198
825000,0,8.08698,-378.644,1.33406,0.246
826000,0,9.00302,-378.274,0.329993,0.24525
827000,0,9.09144,-380.083,0.214842,0.2845
828000,0,8.73171,-378.561,0.692763,0.252
829000,3,34.2641,-376.28,1.7482,0.434
830000,0,8.39945,-377.887,0.790891,0.289
831000,0,9.06479,-377.471,0.113867,0.328
832000,0,8.65775,-377.654,0.811086,0.401667
833000,0,9.06045,-379.953,0.417179,0.344
834000,0,8.18324,-377.514,1.29888,0.234
835000,1,16.5348,-378.625,2.13112,0.379
836000,1,17.3391,-374.378,0.300908,0.301
837000,0,9.40032,-378.04,0.108953,0.276
838000,0,9.06061,-378.044,0.456782,0.266429
839000,0,8.63523,-378.185,0.895939,0.2805
840000,0,9.28927,-378.272,0.148403,0.2795
841000,0,8.55663,-378.217,0.230369,0.26545
842000,0,7.31235,-378.371,1.07615,0.211
843000,0,8.54646,-378.396,0.494973,0.28125
844000,1,14.2843,-374.925,0.27828,0.289
845000,0,8.01613,-378.183,1.05485,0.267
846000,0,9.54261,-379.05,0.0928678,0.259821
847000,0,6.77344,-377.947,1.65932,0.300714
848000,0,8.78691,-378.097,0.543307,0.271
849000,1,15.9697,-375.233,0.581839,0.336
850000,1,15.1208,-374.497,1.18252,0.497
851000,0,6.78265,-383.135,1.10262,0.259
852000,0,7.36615,-378.728,0.956833,0.189
853000,0,7.56391,-378.103,0.723717,0.308
854000,1,14.1629,-376.32,1.82622,0.317
855000,0,7.81931,-378.784,0.381273,0.251
856000,0,8.10793,-381.117,0.308466,0.278545
857000,0,8.33616,-377.745,0.264653,0.219
858000,0,7.7966,-380.913,0.0359058,0.287833
859000,0,7.69493,-378.499,0.356498,0.232
860000,0,8.27551,-380.112,0.179786,0.239
861000,0,7.80478,-378.435,0.258562,0.395
862000,0,6.82016,-378.628,1.36825,0.239
863000,0,8.80398,-378.501,0.511115,0.317143
864000,0,8.64713,-380.298,0.974407,0.3
865000,1,15.6575,-379.085,1.42824,0.434
866000,1,16.3411,-378.954,1.23213,0.27325
867000,0,8.86112,-379.744,0.450034,0.3725
868000,0,9.23315,-379.18,0.086336,0.259
869000,0,8.45449,-377.589,1.07875,0.283
870000,0,9.40705,-377.672,0.123619,0.341231
871000,0,8.28235,-378.067,0.745398,0.282769
872000,0,8.09194,-377.397,1.16065,0.249333
873000,0,8.87159,-379.878,0.344369,0.253
874000,1,16.1006,-374.131,0.750538,0.436
875000,0,8.77344,-377.766,0.601943,0.4
876000,0,8.40303,-379.018,0.852549,0.297
877000,0,8.80429,-378.205,0.425542,0.289333
878000,1,15.5969,-381.973,0.45341,0.2555
879000,0,9.03428,-379.646,0.176057,0.314308
880000,0,9.21688,-378.517,0.25767,0.289
881000,0,9.36821,-379.054,0.00391069,0.39
882000,0,8.61554,-378.025,0.379233,0.298667
883000,0,8.35269,-378.264,0.726162,0.296
884000,0,6.50196,-379.749,0.00557246,0.376
885000,0,8.83919,-381.854,0.34017,0.321714
886000,0,8.42092,-378.697,0.270249,0.285
887000,0,4.22345,-380.811,0.402473,0.35
888000,0,7.17701,-378.781,0.119866,0.33
889000,0,9.13367,-378.34,0.352615,0.352333
890000,0,9.31276,-377.764,0.121863,0.265
891000,0,8.73966,-379.555,0.186051,0.296333
892000,0,8.43486,-378.007,0.980316,0.3072
893000,0,9.58139,-377.724,0.0132271,0.307444
894000,0,9.32896,-377.78,0.231511,0.349
895000,0,9.49662,-377.857,0.09548,0.418
896000,0,8.19531,-377.912,0.752345,0.349
897000,0,8.03258,-378.361,0.593093,0.325
898000,0,7.35329,-378.877,0.0176355,0.286
899000,1,16.1711,-376.137,1.49354,0.318444
900000,0,9.44473,-378.039,0.0975286,0.442
901000,1,16.4528,-374.49,0.81256,0.488
902000,0,6.73035,-378.332,2.79171,0.381
903000,0,9.16852,-377.815,0.439082,0.281
904000,0,9.15616,-380.401,0.476842,0.277
905000,1,13.4665,-377.413,0.695166,0.304
906000,0,8.60127,-378.009,0.0715404,0.310818
907000,1,14.7522,-379.642,1.06858,0.335813
908000,0,8.4953,-378.765,0.240213,0.351
909000,0,8.09026,-378.081,1.02558,0.265333
910000,0,8.56076,-378.239,0.257274,0.31
911000,0,9.30525,-378.145,0.0818624,0.3535
912000,0,9.28108,-377.601,0.21411,0.2355
913000,0,8.22506,-379.103,1.15711,0.3342
914000,1,16.1888,-378.149,0.407938,0.316333
915000,0,9.38213,-377.938,0.0617912,0.289
916000,0,9.19148,-378.427,0.191004,0.271571
917000,0,9.24087,-378.957,0.082013,0.465
918000,0,8.23721,-378.004,0.320562,0.341
919000,0,7.94084,-378.255,0.320971,0.37325
920000,0,8.47536,-377.816,0.225998,0.228667
921000,0,8.13932,-379.498,0.156216,0.226
922000,0,5.42797,-379.28,2.65673,0.247
923000,2,20.8179,-377.89,1.69497,0.407
924000,0,6.33332,-379.867,1.2576,0.281667
925000,0,7.41433,-379.251,0.577218,0.243
926000,1,16.0412,-376.395,0.351825,0.316
927000,0,7.76288,-379.03,0.0998559,0.339
928000,0,7.56884,-379.656,0.166301,0.209
929000,1,14.3151,-381.207,1.93172,0.313
930000,0,9.34069,-377.858,0.177371,0.310909
931000,1,17.8664,-378.915,0.738724,0.338
932000,0,9.12296,-377.852,0.311173,0.34
933000,0,7.6265,-378.606,0.51314,0.2572
934000,0,7.54122,-379.194,0.731288,0.19
935000,0,8.69421,-378.582,0.130249,0.236667
936000,0,9.28371,-379.174,0.169556,0.2825
937000,0,8.72566,-378.996,0.601947,0.281
938000,0,8.44003,-380.854,0.810405,0.322
939000,0,8.73515,-377.428,0.306768,0.286815
940000,0,8.95773,-379.585,0.244369,0.25
941000,0,8.54053,-378.649,0.786144,0.311333
942000,0,8.7617,-378.347,0.556051,0.273
943000,0,9.17008,-378.577,0.105379,0.279778
944000,0,9.10772,-378.745,0.263228,0.296
945000,1,13.9499,-375.9,0.811558,0.27
946000,0,8.95869,-377.685,0.391587,0.306
947000,0,8.8625,-377.627,0.544439,0.277
948000,0,7.99637,-378.288,0.616847,0.303
949000,0,9.1806,-377.995,0.197384,0.304714
950000,1,17.033,-377.644,0.907382,0.298333
951000,0,9.09139,-377.513,0.385437,0.327857
952000,1,16.7335,-376.957,0.152623,0.472
953000,0,7.49918,-378.673,0.494756,0.3356
954000,0,9.20121,-379.046,0.0455266,0.34325
955000,0,9.32965,-378.615,0.0323735,0.268333
956000,0,9.22374,-378.698,0.322102,0.246
957000,0,9.03834,-377.893,0.469024,0.310625
958000,0,8.51919,-379.664,0.630139,0.404
959000,0,8.72138,-378.334,0.237476,0.3248
960000,0,8.98323,-377.429,0.16779,0.368
961000,0,6.7941,-378.716,2.33522,0.274375
962000,0,8.74763,-377.847,0.768848,0.338
963000,0,8.38536,-378.463,0.672368,0.310333
964000,1,18.2621,-374.762,0.474596,0.350833
965000,0,8.86042,-377.457,0.482775,0.264
966000,0,7.61943,-377.99,1.93236,0.3215
967000,0,9.29933,-378.306,0.0519239,0.299
968000,0,9.01944,-377.921,0.224461,0.316083
969000,0,9.47542,-378.354,0.0321109,0.309714
970000,0,8.12957,-380.214,0.757456,0.337
971000,2,25.3787,-380.584,1.78857,0.335
972000,0,8.43792,-378.608,0.992533,0.299
973000,0,8.93377,-377.934,0.448479,0.288
974000,0,9.06741,-379.014,0.0391051,0.3165
975000,0,8.89505,-378.646,0.214552,0.311
976000,0,7.98048,-377.952,1.08963,0.333667
977000,0,9.45828,-377.722,0.139237,0.318222
978000,0,7.78459,-380.073,0.670608,0.299
979000,0,7.40308,-378.072,0.555505,0.337
980000,0,5.32766,-378.764,0.389507,0.394
981000,0,9.18211,-379.742,0.0423951,0.301
982000,0,8.85213,-378.46,0.274,0.334
983000,0,8.97866,-377.961,0.585892,0.32575
984000,0,9.31439,-379.227,0.162236,0.324
985000,0,9.48405,-377.779,0.0728453,0.302
986000,1,15.8586,-380.132,1.69766,0.309
987000,0,9.18515,-378.865,0.1924,0.309
988000,1,14.7151,-381.9,1.63291,0.326417
989000,0,7.09449,-378.234,1.91935,0.290375
990000,0,8.6221,-378.112,0.410157,0.243
991000,0,8.68244,-379.089,0.765922,0.26125
992000,0,9.48636,-377.812,0.017398,0.292
993000,0,9.31918,-378.585,0.0931812,0.2967
994000,0,8.28401,-377.779,1.16189,0.2465
995000,0,8.49122,-377.752,0.976118,0.3105
996000,1,16.1491,-374.156,0.246016,0.328
997000,0,9.09851,-379.34,0.413485,0.32
998000,1,18.1161,-375.842,0.611673,0.333
999000,1,16.3532,-375.453,0.206277,0.518
